,idProject,nameProject,productionClass,testCase,isMysteryGuest,isMysteryGuestManual,prediction
0,40.0,dropwizard,ResilentSocketOutputStream,ch.qos.logback.core.recovery.resilentsocketoutputstreamtest.testcreatescleanoutputstream,False,False,False
1,40.0,dropwizard,ResilentSocketOutputStream,ch.qos.logback.core.recovery.resilentsocketoutputstreamtest.testthrowsexceptionifcantcreateoutputstream,False,False,False
10,40.0,dropwizard,BasicCredentials,io.dropwizard.auth.basic.basiccredentialstest.hasapassword,False,False,False
20,40.0,dropwizard,Cli,io.dropwizard.cli.clitest.rejectsbadcommandflags,False,False,False
24,40.0,dropwizard,ServerCommand,io.dropwizard.cli.servercommandtest.hasadescription,False,False,False
30,40.0,dropwizard,HttpClientBuilder,io.dropwizard.client.httpclientbuildertest.canuseacustomhostnameverifierwhentlsconfigurationspecified,False,False,False
38,40.0,dropwizard,HttpClientBuilder,io.dropwizard.client.httpclientbuildertest.usesthedefaultrouteplanner,True,False,False
49,40.0,dropwizard,DropwizardSSLConnectionSocketFactory,io.dropwizard.client.ssl.dropwizardsslconnectionsocketfactorytest.shouldreturn200ifabletoclientauth,True,True,False
52,40.0,dropwizard,EnvironmentVariableLookup,io.dropwizard.configuration.environmentvariablelookuptest.defaultconstructorenablesstrict,False,False,False
86,40.0,dropwizard,GuavaExtrasModule,io.dropwizard.jackson.guavaextrasmoduletest.canserializecachebuilderspecs,False,False,False
96,40.0,dropwizard,DBIHealthCheck,io.dropwizard.jdbi.dbihealthchecktest.testittimesoutproperly,False,False,False
119,40.0,dropwizard,ZonedDateTimeParam,io.dropwizard.jersey.jsr310.zoneddatetimeparamtest.parsesdatetimes,False,False,False
120,40.0,dropwizard,OptionalDoubleMessageBodyWriter,io.dropwizard.jersey.optional.optionaldoublemessagebodywritertest.presentoptionalsreturntheirvalue,False,False,False
136,40.0,dropwizard,ContextRoutingHandler,io.dropwizard.jetty.contextroutinghandlertest.startsandstopsallhandlers,False,False,False
140,40.0,dropwizard,HttpConnectorFactory,io.dropwizard.jetty.httpconnectorfactorytest.isdiscoverable,False,False,False
146,40.0,dropwizard,RoutingHandler,io.dropwizard.jetty.routinghandlertest.withoutsessionhandler,False,False,False
168,40.0,dropwizard,JsonFormatter,io.dropwizard.logging.json.layout.jsonformattertest.testprettyprintwithlineseparator,False,False,False
180,40.0,dropwizard,SyslogAppenderFactory,io.dropwizard.logging.syslogappenderfactorytest.patternincludesappnameandpid,True,False,True
194,40.0,dropwizard,ExternalRequestLogFactory,io.dropwizard.request.logging.externalrequestlogfactorytest.isdiscoverable,False,False,False
202,40.0,dropwizard,DefaultServerFactory,io.dropwizard.server.defaultserverfactorytest.testconfiguredenvironment,True,False,True
203,40.0,dropwizard,SimpleServerFactory,io.dropwizard.server.simpleserverfactorytest.testgetadmincontext,True,False,False
211,40.0,dropwizard,AssetServlet,io.dropwizard.servlets.assets.assetservlettest.supportscentralbyterange,False,False,False
218,40.0,dropwizard,ResourceURL,io.dropwizard.servlets.assets.resourceurltest.isdirectorythrowsresourcenotfoundexceptionformissingdirectories,False,True,False
236,40.0,dropwizard,Duration,io.dropwizard.util.durationtest.convertsdays,False,False,False
247,40.0,dropwizard,Size,io.dropwizard.util.sizetest.convertstoterabytes,False,False,False
262,40.0,dropwizard,MustacheViewRenderer,io.dropwizard.views.mustache.mustacheviewrenderertest.candisablecache,False,False,False
266,40.0,dropwizard,ViewMessageBodyWriter,io.dropwizard.views.viewmessagebodywritertest.detectlocaleshouldhandlebadlyformedheader,False,False,False
12,40.0,dropwizard,CachingAuthenticator,io.dropwizard.auth.cachingauthenticatortest.invalidatesallcredentials,False,False,False
23,40.0,dropwizard,ServerCommand,io.dropwizard.cli.servercommandtest.buildsandrunsaconfiguredserver,False,False,False
26,40.0,dropwizard,ConfiguredCloseableHttpClient,io.dropwizard.client.configuredcloseablehttpclienttest.getclient_returns_config_provided_at_construction,True,False,True
36,40.0,dropwizard,HttpClientBuilder,io.dropwizard.client.httpclientbuildertest.usesproxywithntlmauth,True,False,False
56,40.0,dropwizard,DataSourceFactory,io.dropwizard.db.datasourcefactorytest.metricsrecorded,True,False,False
82,40.0,dropwizard,DiscoverableSubtypeResolver,io.dropwizard.jackson.discoverablesubtyperesolvertest.discoverssubtypes,False,False,False
95,40.0,dropwizard,DBIFactory,io.dropwizard.jdbi.dbifactorytest.testdefaultconfiguration,False,False,False
97,40.0,dropwizard,LoggingDBIExceptionMapper,io.dropwizard.jdbi.jersey.loggingdbiexceptionmappertest.testplaindbiexception,True,False,False
98,40.0,dropwizard,CacheControlledResponseFeature,io.dropwizard.jersey.caching.cachecontrolledresponsefeaturetest.immutableresponseshavecachecontrolheaders,False,False,False
99,40.0,dropwizard,CacheControlledResponseFeature,io.dropwizard.jersey.caching.cachecontrolledresponsefeaturetest.maxageresponseshavecachecontrolheaders,False,False,False
109,40.0,dropwizard,OptionalMessageBodyWriter,io.dropwizard.jersey.guava.optionalmessagebodywritertest.absentoptionalsthrowanotfound,False,False,False
114,40.0,dropwizard,JacksonMessageBodyProvider,io.dropwizard.jersey.jackson.jacksonmessagebodyprovidertest.throwsajsonprocessingexceptionformalformedrequestentities,False,False,False
122,40.0,dropwizard,OptionalIntMessageBodyWriter,io.dropwizard.jersey.optional.optionalintmessagebodywritertest.presentoptionalsreturntheirvaluewithresponse,False,False,False
132,40.0,dropwizard,JerseyViolationException,io.dropwizard.jersey.validation.jerseyviolationexceptiontest.testaccessors,False,False,False
141,40.0,dropwizard,HttpsConnectorFactory,io.dropwizard.jetty.httpsconnectorfactorytest.testbuild,True,True,True
144,40.0,dropwizard,NetUtil,io.dropwizard.jetty.netutiltest.testossetting,False,False,False
149,40.0,dropwizard,ConsoleAppenderFactory,io.dropwizard.logging.consoleappenderfactorytest.appendernameisset,True,False,True
155,40.0,dropwizard,FileAppenderFactory,io.dropwizard.logging.fileappenderfactorytest.invaliduseoftotalsizecap,False,True,False
164,40.0,dropwizard,EventJsonLayout,io.dropwizard.logging.json.layout.eventjsonlayouttest.testreplacefieldname,False,False,False
166,40.0,dropwizard,ExceptionFormat,io.dropwizard.logging.json.layout.exceptionformattest.testsetdepth,False,False,False
172,40.0,dropwizard,MapBuilder,io.dropwizard.logging.json.layout.mapbuildertest.testdonotincludenullnumbervalue,False,False,False
174,40.0,dropwizard,MapBuilder,io.dropwizard.logging.json.layout.mapbuildertest.testincludemapvalue,False,False,False
177,40.0,dropwizard,MapBuilder,io.dropwizard.logging.json.layout.mapbuildertest.testreplacestringfieldname,False,False,False
189,40.0,dropwizard,DbGenerateDocsCommand,io.dropwizard.migrations.dbgeneratedocscommandtest.testrun,False,False,False
192,40.0,dropwizard,DbRollbackCommand,io.dropwizard.migrations.dbrollbackcommandtest.testrollbacktodate,False,False,False
234,40.0,dropwizard,PersonResource,io.dropwizard.testing.junit5.personresourcetest.testgetimmutablelistofpersons,False,False,False
244,40.0,dropwizard,Optionals,io.dropwizard.util.optionalstest.testfromguavaoptional,False,False,False
21,40.0,dropwizard,Cli,io.dropwizard.cli.clitest.unhandledexceptionscustomcommanddebug,False,False,False
31,40.0,dropwizard,HttpClientBuilder,io.dropwizard.client.httpclientbuildertest.configurecredentialreturnsntcredentialsforbasicconfig,False,False,False
37,40.0,dropwizard,HttpClientBuilder,io.dropwizard.client.httpclientbuildertest.usesproxywithoutport,True,False,True
44,40.0,dropwizard,HttpClientConfiguration,io.dropwizard.client.proxy.httpclientconfigurationtest.testfullconfigntlmproxy,False,True,False
47,40.0,dropwizard,DropwizardSSLConnectionSocketFactory,io.dropwizard.client.ssl.dropwizardsslconnectionsocketfactorytest.shoulderroriftrytoclientauthspecifyingunknowncertalias,False,True,False
54,40.0,dropwizard,Configuration,io.dropwizard.configurationtest.hasaloggingconfiguration,False,False,False
63,40.0,dropwizard,AbstractDAO,io.dropwizard.hibernate.abstractdaotest.returnsuniqueresultsfromjpacriteriaqueries,False,False,False
73,40.0,dropwizard,UnitOfWorkApplicationListener,io.dropwizard.hibernate.unitofworkapplicationlistenertest.doesnotrollbackanulltransaction,False,False,False
75,40.0,dropwizard,UnitOfWorkApplicationListener,io.dropwizard.hibernate.unitofworkapplicationlistenertest.throwsexceptiononnotregistereddatabase,False,False,False
87,40.0,dropwizard,InstantMapper,io.dropwizard.jdbi.args.instantmappertest.mapcolumnbyname,False,False,False
91,40.0,dropwizard,LocalDateMapper,io.dropwizard.jdbi.args.localdatemappertest.mapcolumnbyname,False,False,False
104,40.0,dropwizard,LoggingExceptionMapper,io.dropwizard.jersey.errors.loggingexceptionmappertest.handlesmethodnotallowedwithheaders,False,False,False
135,40.0,dropwizard,ContextRoutingHandler,io.dropwizard.jetty.contextroutinghandlertest.routestothebestprefixmatch,False,False,False
156,40.0,dropwizard,FileAppenderFactory,io.dropwizard.logging.fileappenderfactorytest.isdiscoverable,True,False,True
161,40.0,dropwizard,AccessJsonLayout,io.dropwizard.logging.json.layout.accessjsonlayouttest.testdisabletimestamp,False,False,False
163,40.0,dropwizard,EventJsonLayout,io.dropwizard.logging.json.layout.eventjsonlayouttest.testproducesdefaultmap,False,False,False
183,40.0,dropwizard,ThrottlingAppenderWrapper,io.dropwizard.logging.throttlingappenderwrappertest.overthrottlinglimit,False,False,False
204,40.0,dropwizard,SimpleServerFactory,io.dropwizard.server.simpleserverfactorytest.testgetport,False,False,False
213,40.0,dropwizard,ByteRange,io.dropwizard.servlets.assets.byterangetest.startbytes,False,False,False
221,40.0,dropwizard,LogConfigurationTask,io.dropwizard.servlets.tasks.logconfigurationtasktest.configuresspecificlevelforaloggerforaduration,False,False,False
222,40.0,dropwizard,TaskServlet,io.dropwizard.servlets.tasks.taskservlettest.passespostbodyalongtopostbodytasks,False,False,False
224,40.0,dropwizard,TaskServlet,io.dropwizard.servlets.tasks.taskservlettest.returnsa404whennotfound,False,False,False
233,40.0,dropwizard,PersonResource,io.dropwizard.testing.junit5.personresourcetest.testdefaultjsonprocessingmapper,False,False,False
237,40.0,dropwizard,Duration,io.dropwizard.util.durationtest.convertsmilliseconds,False,False,False
248,40.0,dropwizard,Size,io.dropwizard.util.sizetest.hasaquantity,False,False,False
257,40.0,dropwizard,PortRangeValidator,io.dropwizard.validation.portrangevalidatortest.rejectsnegativeports,False,False,False
264,40.0,dropwizard,MustacheViewRenderer,io.dropwizard.views.mustache.mustacheviewrenderertest.returnsa500forviewsthatcantcompile,False,False,False
16,40.0,dropwizard,CachingAuthorizer,io.dropwizard.auth.cachingauthorizertest.invalidatessetsofprincipals,False,False,False
40,40.0,dropwizard,JerseyClientBuilder,io.dropwizard.client.jerseyclientbuildertest.includesjerseyproviderclasses,False,False,False
46,40.0,dropwizard,DropwizardSSLConnectionSocketFactory,io.dropwizard.client.ssl.dropwizardsslconnectionsocketfactorytest.shoulderrorifhostnameverificationonandserverhostnamematchesandfailverifierspecified,False,False,False
60,40.0,dropwizard,AbstractDAO,io.dropwizard.hibernate.abstractdaotest.getsnamedqueries,False,False,False
62,40.0,dropwizard,AbstractDAO,io.dropwizard.hibernate.abstractdaotest.returnsuniquelistsfromqueries,False,False,False
64,40.0,dropwizard,AbstractDAO,io.dropwizard.hibernate.abstractdaotest.returnsuniqueresultsfromqueries,False,False,False
81,40.0,dropwizard,CaffeineModule,io.dropwizard.jackson.caffeinemoduletest.canserializecachebuilderspecs,False,False,False
102,40.0,dropwizard,IllegalStateExceptionMapper,io.dropwizard.jersey.errors.illegalstateexceptionmappertest.handlesformparamcontenttypeerror,False,False,False
105,40.0,dropwizard,LoggingExceptionMapper,io.dropwizard.jersey.errors.loggingexceptionmappertest.handlesredirectinwebapplicationexception,False,False,False
108,40.0,dropwizard,RuntimeFilter,io.dropwizard.jersey.filter.runtimefiltertest.testaddsxruntimeheader,False,False,False
112,40.0,dropwizard,JacksonMessageBodyProvider,io.dropwizard.jersey.jackson.jacksonmessagebodyprovidertest.returnsvalidatedcollectionrequestentities,False,False,False
121,40.0,dropwizard,OptionalIntMessageBodyWriter,io.dropwizard.jersey.optional.optionalintmessagebodywritertest.absentoptionalsthrowanotfound,False,False,False
127,40.0,dropwizard,BooleanParam,io.dropwizard.jersey.params.booleanparamtest.uppercasetruereturnstrue,False,False,False
128,40.0,dropwizard,DurationParam,io.dropwizard.jersey.params.durationparamtest.parsedurationseconds,False,False,False
131,40.0,dropwizard,UUIDParam,io.dropwizard.jersey.params.uuidparamtest.anonuuidthrowsanexception,False,False,False
171,40.0,dropwizard,MapBuilder,io.dropwizard.logging.json.layout.mapbuildertest.testaddsuppliernotinvoked,False,False,False
175,40.0,dropwizard,MapBuilder,io.dropwizard.logging.json.layout.mapbuildertest.testincludenotformattedtimestamp,False,False,False
191,40.0,dropwizard,DbPrepareRollbackCommand,io.dropwizard.migrations.dbpreparerollbackcommandtest.testprepareonlychange,False,False,False
197,40.0,dropwizard,LogbackAccessRequestLog,io.dropwizard.request.logging.logbackaccessrequestlogtest.logsrequeststotheappender,False,False,False
198,40.0,dropwizard,DropwizardSlf4jRequestLog,io.dropwizard.request.logging.old.dropwizardslf4jrequestlogtest.logsrequeststotheappenders,False,False,False
201,40.0,dropwizard,DefaultServerFactory,io.dropwizard.server.defaultserverfactorytest.hasaminimumnumberofthreads,False,False,False
215,40.0,dropwizard,ResourceURL,io.dropwizard.servlets.assets.resourceurltest.getlastmodifiedreturnsthelastmodifiedtimeofajarentry,False,True,False
216,40.0,dropwizard,ResourceURL,io.dropwizard.servlets.assets.resourceurltest.isdirectoryreturnstruefordirectoriesinjarswithouttrailingslashes,False,True,False
235,40.0,dropwizard,CharStreams,io.dropwizard.util.charstreamstest.testtostring,False,False,False
253,40.0,dropwizard,Size,io.dropwizard.util.sizetest.parsesterabytes,False,False,False
255,40.0,dropwizard,OneOfValidator,io.dropwizard.validation.oneofvalidatortest.doesnotallowotherelements,False,False,False
267,40.0,dropwizard,ViewMessageBodyWriter,io.dropwizard.views.viewmessagebodywritertest.detectlocaleshouldreturncorrectlocale,False,False,False
11,40.0,dropwizard,BasicCredentials,io.dropwizard.auth.basic.basiccredentialstest.hasausername,False,False,False
14,40.0,dropwizard,CachingAuthorizer,io.dropwizard.auth.cachingauthorizertest.cachesthefirstreturnedprincipal,False,False,False
25,40.0,dropwizard,ServerCommand,io.dropwizard.cli.servercommandtest.stopsaserverifthereisanerrorstartingit,False,False,False
29,40.0,dropwizard,HttpClientBuilder,io.dropwizard.client.httpclientbuildertest.canuseacustomdnsresolver,True,False,True
34,40.0,dropwizard,HttpClientBuilder,io.dropwizard.client.httpclientbuildertest.useskeepaliveforpersistentconnections,True,False,True
39,40.0,dropwizard,JerseyClientBuilder,io.dropwizard.client.jerseyclientbuildertest.disablesgzipsupportifdisabled,False,False,False
51,40.0,dropwizard,BaseConfigurationFactory,io.dropwizard.configuration.baseconfigurationfactorytest.throwsanexceptiononmalformedfiles,True,False,True
70,40.0,dropwizard,UnitOfWorkApplicationListener,io.dropwizard.hibernate.unitofworkapplicationlistenertest.beginsandcommitsatransactioniftransactional,False,False,False
74,40.0,dropwizard,UnitOfWorkApplicationListener,io.dropwizard.hibernate.unitofworkapplicationlistenertest.rollsbackthetransactiononexception,False,False,False
76,40.0,dropwizard,UnitOfWorkAwareProxyFactory,io.dropwizard.hibernate.unitofworkawareproxyfactorytest.testnewaspect,False,False,False
90,40.0,dropwizard,LocalDateArgument,io.dropwizard.jdbi.args.localdateargumenttest.apply_valueisnull,False,False,False
110,40.0,dropwizard,ConfiguredGZipEncoder,io.dropwizard.jersey.gzip.configuredgzipencodertest.noencodingwillnotaroundwrite,True,False,True
123,40.0,dropwizard,OptionalMessageBodyWriter,io.dropwizard.jersey.optional.optionalmessagebodywritertest.absentoptionalsthrowanotfound,False,False,False
137,40.0,dropwizard,GzipHandlerFactory,io.dropwizard.jetty.gziphandlerfactorytest.canbeenabled,False,False,False
147,40.0,dropwizard,ServerPushFilterFactory,io.dropwizard.jetty.serverpushfilterfactorytest.testdefaultconfiguration,False,False,False
167,40.0,dropwizard,JsonFormatter,io.dropwizard.logging.json.layout.jsonformattertest.testprettyprintnolineseparator,False,False,False
181,40.0,dropwizard,SyslogAppenderFactory,io.dropwizard.logging.syslogappenderfactorytest.stacktracepatterncanbeset,True,False,True
182,40.0,dropwizard,TcpSocketAppenderFactory,io.dropwizard.logging.tcpsocketappenderfactorytest.testbufferingtcplogging,False,True,False
196,40.0,dropwizard,LogbackAccessRequestLayout,io.dropwizard.request.logging.layout.logbackaccessrequestlayouttest.outputpatternasheaderisfalse,False,False,False
207,40.0,dropwizard,AssetServlet,io.dropwizard.servlets.assets.assetservlettest.defaultstohtml,False,True,False
223,40.0,dropwizard,TaskServlet,io.dropwizard.servlets.tasks.taskservlettest.returnalltasknameslexicallyonget,False,False,False
227,40.0,dropwizard,FixtureHelpers,io.dropwizard.testing.fixturehelperstest.readsthefileasastring,True,True,True
252,40.0,dropwizard,Size,io.dropwizard.util.sizetest.parsesmegabytes,False,False,False
254,40.0,dropwizard,Size,io.dropwizard.util.sizetest.unableparsewrongsizeformat,False,False,False
260,40.0,dropwizard,OptionalIntValidatedValueUnwrapper,io.dropwizard.validation.valuehandling.optionalintvalidatedvalueunwrappertest.notnullfailswhenabsent,False,False,False
265,40.0,dropwizard,ViewBundle,io.dropwizard.views.viewbundletest.addstheviewmessagebodywritertotheenvironment,False,False,False
269,40.0,dropwizard,ViewMessageBodyWriter,io.dropwizard.views.viewmessagebodywritertest.writetoshouldusevalidrenderer,True,False,True
7,40.0,dropwizard,ProtectedClassResource,com.example.helloworld.resources.protectedclassresourcetest.testprotectedguestendpoint,False,False,False
8,40.0,dropwizard,SslReloadApp,com.example.sslreload.sslreloadapptest.badreloaddoesnotchangetheservercertificate,True,True,True
17,40.0,dropwizard,CachingAuthorizer,io.dropwizard.auth.cachingauthorizertest.invalidatessingleprincipal,False,False,False
22,40.0,dropwizard,ConfiguredCommand,io.dropwizard.cli.configuredcommandtest.canusecustomconfigurationfactory,False,False,False
42,40.0,dropwizard,JerseyClientBuilder,io.dropwizard.client.jerseyclientbuildertest.usesacustomhttprouteplanner,True,False,True
48,40.0,dropwizard,DropwizardSSLConnectionSocketFactory,io.dropwizard.client.ssl.dropwizardsslconnectionsocketfactorytest.shouldrejectnonsupportedprotocols,False,True,False
50,40.0,dropwizard,BaseConfigurationFactory,io.dropwizard.configuration.baseconfigurationfactorytest.printsdidyoumeanonunrecognizedfield,False,False,False
88,40.0,dropwizard,JodaDateTimeArgument,io.dropwizard.jdbi.args.jodadatetimeargumenttest.apply,False,False,False
92,40.0,dropwizard,LocalDateTimeMapper,io.dropwizard.jdbi.args.localdatetimemappertest.mapcolumnbyindex,False,False,False
101,40.0,dropwizard,DropwizardResourceConfig,io.dropwizard.jersey.dropwizardresourceconfigtest.findsresourceclassesinpackageandsubpackage,False,False,False
106,40.0,dropwizard,CharsetUtf8Filter,io.dropwizard.jersey.filter.charsetutf8filtertest.testsetscharsetencoding,False,False,False
113,40.0,dropwizard,JacksonMessageBodyProvider,io.dropwizard.jersey.jackson.jacksonmessagebodyprovidertest.returnsvalidatedlistrequestentities,False,False,False
124,40.0,dropwizard,OptionalMessageBodyWriter,io.dropwizard.jersey.optional.optionalmessagebodywritertest.presentoptionalsreturntheirvaluewithresponse,False,False,False
125,40.0,dropwizard,BooleanParam,io.dropwizard.jersey.params.booleanparamtest.nullthrowsanexception,False,False,False
133,40.0,dropwizard,ParamValidatorUnwrapper,io.dropwizard.jersey.validation.paramvalidatorunwrappertest.failswithinvalidintparam,False,False,False
139,40.0,dropwizard,GzipHandlerFactory,io.dropwizard.jetty.gziphandlerfactorytest.hascompressedmimetypes,False,False,False
150,40.0,dropwizard,DefaultLoggingFactory,io.dropwizard.logging.defaultloggingfactorytest.testresetappenders,False,True,False
151,40.0,dropwizard,FileAppenderFactory,io.dropwizard.logging.fileappenderfactorytest.appendernameisset,True,False,True
154,40.0,dropwizard,FileAppenderFactory,io.dropwizard.logging.fileappenderfactorytest.includescallerdata,True,False,True
157,40.0,dropwizard,FileAppenderFactory,io.dropwizard.logging.fileappenderfactorytest.isimmediateflushed,True,False,True
158,40.0,dropwizard,FileAppenderFactory,io.dropwizard.logging.fileappenderfactorytest.testcurrentlogfilenameisemptyandappenderusesarchivednameinstead,True,False,True
178,40.0,dropwizard,PrefixedExtendedThrowableProxyConverter,io.dropwizard.logging.prefixedextendedthrowableproxyconvertertest.prefixesexceptionswithexclamationmarks,False,False,False
185,40.0,dropwizard,GraphiteReporterFactory,io.dropwizard.metrics.graphite.graphitereporterfactorytest.isdiscoverable,False,False,False
206,40.0,dropwizard,AssetServlet,io.dropwizard.servlets.assets.assetservlettest.consistentlyassignsetags,False,False,False
217,40.0,dropwizard,ResourceURL,io.dropwizard.servlets.assets.resourceurltest.isdirectoryreturnstrueforplaindirectories,True,False,True
243,40.0,dropwizard,Generics,io.dropwizard.util.genericstest.testboundtypeparameter,False,False,False
250,40.0,dropwizard,Size,io.dropwizard.util.sizetest.parsesgigabytes,False,False,False
2,40.0,dropwizard,App1,com.example.app1.app1test.custom204onemptyoptional,False,False,False
9,40.0,dropwizard,AssetsBundle,io.dropwizard.assets.assetsbundletest.canhavedifferenturiandresourcepaths,True,True,True
19,40.0,dropwizard,Bundle,io.dropwizard.bundletest.deprecatedbundlewillbeinitializedandrun,True,True,True
32,40.0,dropwizard,HttpClientBuilder,io.dropwizard.client.httpclientbuildertest.ignorescookiesbydefault,True,False,True
33,40.0,dropwizard,HttpClientBuilder,io.dropwizard.client.httpclientbuildertest.setsthesockettimeout,True,False,True
55,40.0,dropwizard,DataSourceFactory,io.dropwizard.db.datasourcefactorytest.invalidjdbcdriverclassthrowssqlexception,False,False,False
61,40.0,dropwizard,AbstractDAO,io.dropwizard.hibernate.abstractdaotest.returnsuniquelistsfromcriteriaqueries,False,False,False
67,40.0,dropwizard,SessionFactoryManager,io.dropwizard.hibernate.sessionfactorymanagertest.closesthefactoryonstopping,False,False,False
69,40.0,dropwizard,SessionFactoryManager,io.dropwizard.hibernate.sessionfactorymanagertest.stopsthedatasourceonstopping,False,False,False
78,40.0,dropwizard,UnitOfWorkAwareProxyFactory,io.dropwizard.hibernate.unitofworkawareproxyfactorytest.testproxyworks,False,False,False
79,40.0,dropwizard,Http2ConnectorFactory,io.dropwizard.http2.http2connectorfactorytest.testsetdefaulthttp2cipher,False,False,False
89,40.0,dropwizard,LocalDateArgument,io.dropwizard.jdbi.args.localdateargumenttest.apply,False,False,False
94,40.0,dropwizard,OffsetDateTimeMapper,io.dropwizard.jdbi.args.offsetdatetimemappertest.mapcolumnbyindex_timestampisnull,False,False,False
103,40.0,dropwizard,LoggingExceptionMapper,io.dropwizard.jersey.errors.loggingexceptionmappertest.handlesjsonmappingexception,False,False,False
129,40.0,dropwizard,LongParam,io.dropwizard.jersey.params.longparamtest.alongreturnsalong,False,False,False
130,40.0,dropwizard,SizeParam,io.dropwizard.jersey.params.sizeparamtest.parsesizekilobytes,False,False,False
138,40.0,dropwizard,GzipHandlerFactory,io.dropwizard.jetty.gziphandlerfactorytest.hasabuffersize,False,False,False
145,40.0,dropwizard,NonblockingServletHolder,io.dropwizard.jetty.nonblockingservletholdertest.temporarilydisablesasyncrequestsifdisabled,False,False,False
148,40.0,dropwizard,AppenderFactoryCustomTimeZone,io.dropwizard.logging.appenderfactorycustomtimezone.testloadappenderwithnotimezone,False,True,False
190,40.0,dropwizard,DbLocksCommand,io.dropwizard.migrations.dblockscommandtest.testfailswhennolistorrelease,False,False,False
195,40.0,dropwizard,LogbackAccessRequestLayout,io.dropwizard.request.logging.layout.logbackaccessrequestlayouttest.hasacontext,True,False,True
212,40.0,dropwizard,AssetServlet,io.dropwizard.servlets.assets.assetservlettest.supportsfinalbyterange,False,False,False
232,40.0,dropwizard,PersonResource,io.dropwizard.testing.junit5.personresourcetest.testdefaultconstraintviolation,False,False,False
239,40.0,dropwizard,Duration,io.dropwizard.util.durationtest.convertsseconds,False,False,False
245,40.0,dropwizard,Size,io.dropwizard.util.sizetest.convertstobytes,False,False,False
249,40.0,dropwizard,Size,io.dropwizard.util.sizetest.iscomparable,False,False,False
251,40.0,dropwizard,Size,io.dropwizard.util.sizetest.parsesinglelettersuffix,False,False,False
5,40.0,dropwizard,PeopleResource,com.example.helloworld.resources.peopleresourcetest.createperson,False,False,False
6,40.0,dropwizard,PersonResource,com.example.helloworld.resources.personresourcetest.getpersonnotfound,False,False,False
15,40.0,dropwizard,CachingAuthorizer,io.dropwizard.auth.cachingauthorizertest.invalidatesallprincipals,False,False,False
27,40.0,dropwizard,DropwizardApacheConnector,io.dropwizard.client.dropwizardapacheconnectortest.multiple_headers_with_the_same_name_are_processed_successfully,True,False,True
45,40.0,dropwizard,NonProxyListProxyRoutePlanner,io.dropwizard.client.proxy.nonproxylistproxyrouteplannertest.testhostnotinblacklist,True,True,True
57,40.0,dropwizard,DataSourceFactory,io.dropwizard.db.datasourcefactorytest.testinitialsizeiszero,False,False,False
65,40.0,dropwizard,HibernateBundle,io.dropwizard.hibernate.hibernatebundletest.addshibernatesupporttojackson,False,False,False
71,40.0,dropwizard,UnitOfWorkApplicationListener,io.dropwizard.hibernate.unitofworkapplicationlistenertest.configuresthesessionscachemode,False,False,False
85,40.0,dropwizard,FuzzyEnumModule,io.dropwizard.jackson.fuzzyenummoduletest.readsenumsusingtostringwithdeserializationfeatureoff,False,False,False
107,40.0,dropwizard,RequestIdFilter,io.dropwizard.jersey.filter.requestidfiltertest.addsrandomrequestidheader,False,False,False
117,40.0,dropwizard,JsonProcessingExceptionMapper,io.dropwizard.jersey.jackson.jsonprocessingexceptionmappertest.returnsa500forabstractentities,False,False,False
118,40.0,dropwizard,JsonProcessingExceptionMapper,io.dropwizard.jersey.jackson.jsonprocessingexceptionmappertest.returnsa500fornondeserializablerepresentationclasses,False,False,False
126,40.0,dropwizard,BooleanParam,io.dropwizard.jersey.params.booleanparamtest.uppercasefalsereturnsfalse,False,False,False
134,40.0,dropwizard,BiDiGzipHandler,io.dropwizard.jetty.bidigziphandlertest.testdecompressrequest,False,True,False
153,40.0,dropwizard,FileAppenderFactory,io.dropwizard.logging.fileappenderfactorytest.hasmaxfilesizefixedwindow,True,False,True
160,40.0,dropwizard,AccessJsonLayout,io.dropwizard.logging.json.layout.accessjsonlayouttest.testaddadditionalfields,False,False,False
169,40.0,dropwizard,MapBuilder,io.dropwizard.logging.json.layout.mapbuildertest.testaddmapsupplier,False,False,False
170,40.0,dropwizard,MapBuilder,io.dropwizard.logging.json.layout.mapbuildertest.testaddnumbersupplier,False,False,False
176,40.0,dropwizard,MapBuilder,io.dropwizard.logging.json.layout.mapbuildertest.testreplacenumberfieldname,False,False,False
179,40.0,dropwizard,PrefixedRootCauseFirstThrowableProxyConverter,io.dropwizard.logging.prefixedrootcausefirstthrowableproxyconvertertest.prefixesexceptionswithexclamationmarks,False,False,False
210,40.0,dropwizard,AssetServlet,io.dropwizard.servlets.assets.assetservlettest.supportsbyterangeformedia,False,True,False
226,40.0,dropwizard,Task,io.dropwizard.servlets.tasks.tasktest.hasaname,False,False,False
229,40.0,dropwizard,DropwizardClientRule,io.dropwizard.testing.junit.dropwizardclientruletest.shouldgetdefaultstringbodyfromdropwizard,False,False,False
241,40.0,dropwizard,Duration,io.dropwizard.util.durationtest.parsesmilliseconds,False,False,False
242,40.0,dropwizard,Duration,io.dropwizard.util.durationtest.parsesnanoseconds,False,False,False
263,40.0,dropwizard,MustacheViewRenderer,io.dropwizard.views.mustache.mustacheviewrenderertest.rendersviewswithrelativetemplatepaths,False,False,False
268,40.0,dropwizard,ViewMessageBodyWriter,io.dropwizard.views.viewmessagebodywritertest.writetoshouldthrowwhennovalidrendererfound,False,False,False
3,40.0,dropwizard,App1,com.example.app1.app1test.customjsonprovidermissingheader,False,False,False
4,40.0,dropwizard,PersonDAO,com.example.helloworld.db.persondaotest.handlesnullfullname,False,False,False
18,40.0,dropwizard,CachingAuthorizer,io.dropwizard.auth.cachingauthorizertest.respectsthecacheconfiguration,False,False,False
28,40.0,dropwizard,DropwizardApacheConnector,io.dropwizard.client.dropwizardapacheconnectortest.when_read_timeout_override_created_then_client_requests_completes_successfully,False,True,False
35,40.0,dropwizard,HttpClientBuilder,io.dropwizard.client.httpclientbuildertest.usesproxy,True,False,True
41,40.0,dropwizard,JerseyClientBuilder,io.dropwizard.client.jerseyclientbuildertest.usesacustomconnectionfactoryregistry,True,False,False
53,40.0,dropwizard,JsonConfigurationFactory,io.dropwizard.configuration.jsonconfigurationfactorytest.configuredmapperallowscomment,True,False,True
59,40.0,dropwizard,MultiPartBundle,io.dropwizard.forms.multipartbundletest.testrun,False,False,False
77,40.0,dropwizard,UnitOfWorkAwareProxyFactory,io.dropwizard.hibernate.unitofworkawareproxyfactorytest.testproxyhandleserrors,False,False,False
80,40.0,dropwizard,AnnotationSensitivePropertyNamingStrategy,io.dropwizard.jackson.annotationsensitivepropertynamingstrategytest.serializessnakecaseproperties,False,False,False
93,40.0,dropwizard,OffsetDateTimeMapper,io.dropwizard.jdbi.args.offsetdatetimemappertest.mapcolumnbyindex,False,False,False
116,40.0,dropwizard,JsonProcessingExceptionMapper,io.dropwizard.jersey.jackson.jsonprocessingexceptionmappertest.returnsa400forsemanticinvaliddate,False,False,False
152,40.0,dropwizard,FileAppenderFactory,io.dropwizard.logging.fileappenderfactorytest.hasarchivedlogfilenamepattern,True,True,True
162,40.0,dropwizard,EventJsonLayout,io.dropwizard.logging.json.layout.eventjsonlayouttest.testlogsanexception,False,False,False
165,40.0,dropwizard,EventJsonLayout,io.dropwizard.logging.json.layout.eventjsonlayouttest.teststartthrowableconverter,False,False,False
173,40.0,dropwizard,MapBuilder,io.dropwizard.logging.json.layout.mapbuildertest.testincludeformattedtimestamp,False,False,False
184,40.0,dropwizard,TlsSocketAppenderFactory,io.dropwizard.logging.tlssocketappenderfactorytest.testparsecustomconfiguration,False,True,False
193,40.0,dropwizard,DbStatusCommand,io.dropwizard.migrations.dbstatuscommandtest.testrun,False,False,False
199,40.0,dropwizard,LogbackClassicRequestLogFactory,io.dropwizard.request.logging.old.logbackclassicrequestlogfactorytest.testbuild,False,False,False
205,40.0,dropwizard,AssetServlet,io.dropwizard.servlets.assets.assetservlettest.assignsdifferentetagsfordifferentfiles,True,False,True
219,40.0,dropwizard,CacheBustingFilter,io.dropwizard.servlets.cachebustingfiltertest.passesthroughnonhttprequests,False,False,False
228,40.0,dropwizard,DropwizardAppRule,io.dropwizard.testing.junit.dropwizardappruletest.clientusesjacksonmapperfromenvironment,False,False,False
231,40.0,dropwizard,PersonResource,io.dropwizard.testing.junit5.personresourcetest.testcustomclientconfiguration,False,False,False
238,40.0,dropwizard,Duration,io.dropwizard.util.durationtest.convertsminutes,False,False,False
256,40.0,dropwizard,PortRangeValidator,io.dropwizard.validation.portrangevalidatortest.allowsforcustomminimumports,False,False,False
258,40.0,dropwizard,SelfValidatingValidator,io.dropwizard.validation.selfvalidating.selfvalidatingvalidatortest.additionalparametersarenotaccepted,False,False,False
259,40.0,dropwizard,OptionalDoubleValidatedValueUnwrapper,io.dropwizard.validation.valuehandling.optionaldoublevalidatedvalueunwrappertest.failswhenfailingconstraint,False,False,False
13,40.0,dropwizard,CachingAuthenticator,io.dropwizard.auth.cachingauthenticatortest.shouldnotcacheabsentprincipals,False,False,False
43,40.0,dropwizard,HttpClientConfiguration,io.dropwizard.client.proxy.httpclientconfigurationtest.testbadpassword,False,False,False
58,40.0,dropwizard,DataSourceFactory,io.dropwizard.db.datasourcefactorytest.testnovalidationquerytimeout,False,False,False
66,40.0,dropwizard,SessionFactoryFactory,io.dropwizard.hibernate.sessionfactoryfactorytest.callsbundletoconfigure,False,False,False
68,40.0,dropwizard,SessionFactoryManager,io.dropwizard.hibernate.sessionfactorymanagertest.startsthedatasourceonstarting,False,False,False
72,40.0,dropwizard,UnitOfWorkApplicationListener,io.dropwizard.hibernate.unitofworkapplicationlistenertest.doesnotrollbackaninactivetransaction,False,False,False
83,40.0,dropwizard,FuzzyEnumModule,io.dropwizard.jackson.fuzzyenummoduletest.mapsdottedenums,False,False,False
84,40.0,dropwizard,FuzzyEnumModule,io.dropwizard.jackson.fuzzyenummoduletest.mapsuppercaseenums,False,False,False
100,40.0,dropwizard,CacheControlledResponseFeature,io.dropwizard.jersey.caching.cachecontrolledresponsefeaturetest.sharedmaxageresponseshavecachecontrolheaders,False,False,False
111,40.0,dropwizard,JacksonMessageBodyProvider,io.dropwizard.jersey.jackson.jacksonmessagebodyprovidertest.returnspartialvalidatedrequestentities,False,False,False
115,40.0,dropwizard,JsonProcessingExceptionMapper,io.dropwizard.jersey.jackson.jsonprocessingexceptionmappertest.returnsa400forinvalidformatrequestentitieswrapped,False,False,False
142,40.0,dropwizard,HttpsConnectorFactory,io.dropwizard.jetty.httpsconnectorfactorytest.testparsingconfiguration,True,True,False
143,40.0,dropwizard,MutableServletContextHandler,io.dropwizard.jetty.mutableservletcontexthandlertest.candisablesessionmanagement,False,False,False
159,40.0,dropwizard,EventJsonLayoutBaseFactory,io.dropwizard.logging.json.eventjsonlayoutbasefactorytest.testcreatethrowableproxyconverter_configured,True,False,True
186,40.0,dropwizard,DbCommand,io.dropwizard.migrations.dbcommandtest.testrunsubcommand,True,False,False
187,40.0,dropwizard,DbDumpCommand,io.dropwizard.migrations.dbdumpcommandtest.testhelppage,True,False,False
188,40.0,dropwizard,DbFastForwardCommand,io.dropwizard.migrations.dbfastforwardcommandtest.testprinthelp,True,False,False
200,40.0,dropwizard,DefaultServerFactory,io.dropwizard.server.defaultserverfactorytest.doesnotdefaultexceptionmappers,False,False,False
208,40.0,dropwizard,AssetServlet,io.dropwizard.servlets.assets.assetservlettest.servescharset,False,True,False
209,40.0,dropwizard,AssetServlet,io.dropwizard.servlets.assets.assetservlettest.servesfilesmappedtoroot,True,True,True
214,40.0,dropwizard,ByteRange,io.dropwizard.servlets.assets.byterangetest.toomanybytes,False,False,False
220,40.0,dropwizard,SlowRequestFilter,io.dropwizard.servlets.slowrequestfiltertest.logsslowrequests,False,False,False
225,40.0,dropwizard,TaskServlet,io.dropwizard.servlets.tasks.taskservlettest.testrunsexceptionmeteredtask,False,False,False
230,40.0,dropwizard,DropwizardClientExtension,io.dropwizard.testing.junit5.dropwizardclientextensiontest.shouldgetstringbodyfromdropwizard,False,False,False
240,40.0,dropwizard,Duration,io.dropwizard.util.durationtest.parsesmicroseconds,False,False,False
246,40.0,dropwizard,Size,io.dropwizard.util.sizetest.convertstokilobytes,False,False,False
261,40.0,dropwizard,OptionalLongValidatedValueUnwrapper,io.dropwizard.validation.valuehandling.optionallongvalidatedvalueunwrappertest.notnullfailswhenabsent,False,False,False
