,idProject,nameProject,productionClass,testCase,isMysteryGuest,isMysteryGuestManual,prediction
2,1.0,incubator-dubbo,JavaBeanSerializeUtil,org.apache.dubbo.common.beanutil.javabeanserializeutiltest.testdeserialize_primitive,False,False,True
4,1.0,incubator-dubbo,JavaBeanSerializeUtil,org.apache.dubbo.common.beanutil.javabeanserializeutiltest.testgetclassnameproperty,False,False,True
9,1.0,incubator-dubbo,Wrapper,org.apache.dubbo.common.bytecode.wrappertest.testinvokewrapperobject,False,True,True
36,1.0,incubator-dubbo,JSON,org.apache.dubbo.common.json.jsontest.testparse2arguments,False,False,True
45,1.0,incubator-dubbo,FstObjectInput,org.apache.dubbo.common.serialize.fst.fstobjectinputtest.testemptybytearrayforemptyinput,False,False,True
50,1.0,incubator-dubbo,Hessian2Serialization,org.apache.dubbo.common.serialize.serialization.hessian2serializationtest.test_doublearray_withtype,False,False,True
59,1.0,incubator-dubbo,InternalThreadLocal,org.apache.dubbo.common.threadlocal.internalthreadlocaltest.testsize,False,False,True
63,1.0,incubator-dubbo,URL,org.apache.dubbo.common.urltest.test_novaluekey,False,False,True
79,1.0,incubator-dubbo,ConfigUtils,org.apache.dubbo.common.utils.configutilstest.testgetproperty,False,False,True
88,1.0,incubator-dubbo,Holder,org.apache.dubbo.common.utils.holdertest.testsetandget,False,False,True
90,1.0,incubator-dubbo,IOUtils,org.apache.dubbo.common.utils.ioutilstest.testwrite5,False,False,True
91,1.0,incubator-dubbo,LogHelper,org.apache.dubbo.common.utils.loghelpertest.testdebug,False,False,True
107,1.0,incubator-dubbo,PojoUtils,org.apache.dubbo.common.utils.pojoutilstest.testgeneralizeenumarray,False,False,True
110,1.0,incubator-dubbo,ReflectUtils,org.apache.dubbo.common.utils.reflectutilstest.testfindmethodbymethodsignature,False,False,True
118,1.0,incubator-dubbo,ReflectUtils,org.apache.dubbo.common.utils.reflectutilstest.testname2class,False,False,True
120,1.0,incubator-dubbo,Stack,org.apache.dubbo.common.utils.stacktest.testillegalset,False,False,True
128,1.0,incubator-dubbo,StringUtils,org.apache.dubbo.common.utils.stringutilstest.testlength,False,False,True
163,1.0,incubator-dubbo,ArgumentConfig,org.apache.dubbo.config.argumentconfigtest.testarguments,False,False,True
172,1.0,incubator-dubbo,ModuleConfig,org.apache.dubbo.config.moduleconfigtest.testowner,False,False,True
187,1.0,incubator-dubbo,ProviderConfig,org.apache.dubbo.config.providerconfigtest.testpayload,False,False,True
189,1.0,incubator-dubbo,ProviderConfig,org.apache.dubbo.config.providerconfigtest.teststatus,False,False,True
204,1.0,incubator-dubbo,ServiceConfig,org.apache.dubbo.config.serviceconfigtest.testgeneric1,False,False,True
208,1.0,incubator-dubbo,ReferenceAnnotationBeanPostProcessor,org.apache.dubbo.config.spring.beans.factory.annotation.referenceannotationbeanpostprocessortest.testgetinjectedmethodreferencebeanmap,True,False,True
213,1.0,incubator-dubbo,DubboApplicationListener,org.apache.dubbo.config.spring.initializer.dubboapplicationlistenertest.testtwoshutdownhook,True,True,True
227,1.0,incubator-dubbo,Statistics,org.apache.dubbo.monitor.dubbo.statisticstest.testequals,False,False,True
231,1.0,incubator-dubbo,MonitorFilter,org.apache.dubbo.monitor.support.monitorfiltertest.testskipmonitorifnothaskey,False,False,True
233,1.0,incubator-dubbo,HttpCommandDecoder,org.apache.dubbo.qos.command.decoder.httpcommanddecodertest.decodepost,True,False,False
247,1.0,incubator-dubbo,RegistryDirectory,org.apache.dubbo.registry.dubbo.registrydirectorytest.testemptynotifycauseforbidden,False,False,True
257,1.0,incubator-dubbo,AbstractRegistry,org.apache.dubbo.registry.support.abstractregistrytest.testrecover2,False,False,True
266,1.0,incubator-dubbo,AbstractChannelBuffer,org.apache.dubbo.remoting.buffer.abstractchannelbuffertest.testrandomheapbuffertransfer1,False,False,True
284,1.0,incubator-dubbo,HeaderExchangeChannel,org.apache.dubbo.remoting.exchange.support.header.headerexchangechanneltest.sendtest04,False,False,True
292,1.0,incubator-dubbo,NettyClient,org.apache.dubbo.remoting.transport.netty.nettyclienttest.testserverclose,False,True,True
301,1.0,incubator-dubbo,ScriptRouter,org.apache.dubbo.rpc.cluster.router.script.scriptroutertest.testroutereturnall,False,False,True
319,1.0,incubator-dubbo,MockClusterInvoker,org.apache.dubbo.rpc.cluster.support.wrapper.mockclusterinvokertest.testmockinvokerfromoverride_invoke_checkcompatible_implmock,False,True,True
326,1.0,incubator-dubbo,ExceptionFilter,org.apache.dubbo.rpc.filter.exceptionfiltertest.testrpcexception,True,True,True
340,1.0,incubator-dubbo,ListTelnetHandler,org.apache.dubbo.rpc.protocol.dubbo.telnet.listtelnethandlertest.testinvaildmessage,False,False,True
346,1.0,incubator-dubbo,HessianProtocol,org.apache.dubbo.rpc.protocol.hessian.hessianprotocoltest.testoverload,False,True,True
360,1.0,incubator-dubbo,RpcExceptionMapper,org.apache.dubbo.rpc.protocol.rest.rpcexceptionmappertest.testnormalexception,False,False,True
8,1.0,incubator-dubbo,Proxy,org.apache.dubbo.common.bytecode.proxytest.testmain,False,False,True
29,1.0,incubator-dubbo,UnsafeByteArrayOutputStream,org.apache.dubbo.common.io.unsafebytearrayoutputstreamtest.testextendlengthforbuffer,False,False,True
32,1.0,incubator-dubbo,JSON,org.apache.dubbo.common.json.jsontest.testlinkedmap,False,False,True
49,1.0,incubator-dubbo,FstSerialization,org.apache.dubbo.common.serialize.fst.fstserializationtest.testdeserialize,False,False,True
55,1.0,incubator-dubbo,InternalThreadLocal,org.apache.dubbo.common.threadlocal.internalthreadlocaltest.testmultithreadsetandget,False,False,True
58,1.0,incubator-dubbo,InternalThreadLocal,org.apache.dubbo.common.threadlocal.internalthreadlocaltest.testremove,False,False,True
62,1.0,incubator-dubbo,URL,org.apache.dubbo.common.urltest.test_equals,False,False,True
86,1.0,incubator-dubbo,DubboAppender,org.apache.dubbo.common.utils.dubboappendertest.testappend,False,False,True
93,1.0,incubator-dubbo,LogHelper,org.apache.dubbo.common.utils.loghelpertest.testtrace,False,False,True
98,1.0,incubator-dubbo,LogUtil,org.apache.dubbo.common.utils.logutiltest.testfindname,False,False,True
127,1.0,incubator-dubbo,StringUtils,org.apache.dubbo.common.utils.stringutilstest.testjoin,False,False,True
130,1.0,incubator-dubbo,StringUtils,org.apache.dubbo.common.utils.stringutilstest.testtoquerystring,False,False,True
149,1.0,incubator-dubbo,AbstractReferenceConfig,org.apache.dubbo.config.abstractreferenceconfigtest.teststubevent,False,False,True
188,1.0,incubator-dubbo,ProviderConfig,org.apache.dubbo.config.providerconfigtest.testqueues,False,False,True
195,1.0,incubator-dubbo,RegistryConfig,org.apache.dubbo.config.registryconfigtest.testcluster,False,False,True
200,1.0,incubator-dubbo,RegistryConfig,org.apache.dubbo.config.registryconfigtest.testsession,False,False,True
219,1.0,incubator-dubbo,SpringContainer,org.apache.dubbo.container.spring.springcontainertest.testcontainer,False,False,True
221,1.0,incubator-dubbo,Filter,org.apache.dubbo.filter.filtertest.testdefault,False,False,True
223,1.0,incubator-dubbo,MetricName,org.apache.dubbo.metrics.metricnametest.testresolvewithouttags,False,False,True
235,1.0,incubator-dubbo,Help,org.apache.dubbo.qos.command.impl.helptest.testmainhelp,True,False,False
241,1.0,incubator-dubbo,QosProtocolWrapper,org.apache.dubbo.qos.protocol.qosprotocolwrappertest.testrefer,False,False,True
255,1.0,incubator-dubbo,AbstractRegistryFactory,org.apache.dubbo.registry.support.abstractregistryfactorytest.testregistryfactorygroupcache,False,False,True
260,1.0,incubator-dubbo,AbstractRegistry,org.apache.dubbo.registry.support.abstractregistrytest.testunsubscribeifurlnull,False,False,True
278,1.0,incubator-dubbo,HeaderExchangeChannel,org.apache.dubbo.remoting.exchange.support.header.headerexchangechanneltest.closetest,False,False,True
283,1.0,incubator-dubbo,HeaderExchangeChannel,org.apache.dubbo.remoting.exchange.support.header.headerexchangechanneltest.requesttest03,False,False,True
285,1.0,incubator-dubbo,HeaderExchangeChannel,org.apache.dubbo.remoting.exchange.support.header.headerexchangechanneltest.startclosetest,False,False,True
289,1.0,incubator-dubbo,HeaderExchangeHandler,org.apache.dubbo.remoting.handler.headerexchangehandlertest.test_received_request_event_readonly,False,False,True
293,1.0,incubator-dubbo,NettyTransporter,org.apache.dubbo.remoting.transport.netty4.nettytransportertest.shouldabletobindnetty4,False,False,True
302,1.0,incubator-dubbo,TagRouter,org.apache.dubbo.rpc.cluster.router.tag.tagroutertest.testroute_matchtag,True,True,False
303,1.0,incubator-dubbo,TagRouter,org.apache.dubbo.rpc.cluster.router.tag.tagroutertest.testroute_requestwithouttag_shouldnotdowngrade,True,True,False
312,1.0,incubator-dubbo,FailsafeClusterInvoker,org.apache.dubbo.rpc.cluster.support.failsafeclusterinvokertest.testinvokenoexceptoin,False,False,True
313,1.0,incubator-dubbo,ForkingClusterInvoker,org.apache.dubbo.rpc.cluster.support.forkingclusterinvokertest.resetinvokertoexception,False,False,True
317,1.0,incubator-dubbo,MockClusterInvoker,org.apache.dubbo.rpc.cluster.support.wrapper.mockclusterinvokertest.testmockinvokerfromoverride_invoke_check_boolean,False,True,True
318,1.0,incubator-dubbo,MockClusterInvoker,org.apache.dubbo.rpc.cluster.support.wrapper.mockclusterinvokertest.testmockinvokerfromoverride_invoke_check_int,False,True,True
320,1.0,incubator-dubbo,MockClusterInvoker,org.apache.dubbo.rpc.cluster.support.wrapper.mockclusterinvokertest.testmockinvokerfromoverride_invoke_fock_withfaildefault,False,True,True
335,1.0,incubator-dubbo,ReferenceCountExchangeClient,org.apache.dubbo.rpc.protocol.dubbo.referencecountexchangeclienttest.test_not_share_connect,False,False,True
337,1.0,incubator-dubbo,ChangeTelnetHandler,org.apache.dubbo.rpc.protocol.dubbo.telnet.changetelnethandlertest.testchangecancel,False,False,True
0,1.0,incubator-dubbo,LruCacheFactory,org.apache.dubbo.cache.support.lru.lrucachefactorytest.testlrucachefactory,False,False,True
12,1.0,incubator-dubbo,ClassUtils,org.apache.dubbo.common.compiler.support.classutilstest.testnewinstance2,False,False,True
16,1.0,incubator-dubbo,ExtensionLoader,org.apache.dubbo.common.extension.extensionloadertest.test_addextension,False,True,True
20,1.0,incubator-dubbo,ExtensionLoader,org.apache.dubbo.common.extension.extensionloadertest.test_getextensionloader_notinterface,False,False,True
40,1.0,incubator-dubbo,FastJsonObjectInput,org.apache.dubbo.common.serialize.fastjson.fastjsonobjectinputtest.testreadlong,False,False,True
54,1.0,incubator-dubbo,StatusUtils,org.apache.dubbo.common.status.support.statusutilstest.testgetsummarystatus1,False,False,True
67,1.0,incubator-dubbo,URL,org.apache.dubbo.common.urltest.testipv6addresswithscopeid,True,False,True
70,1.0,incubator-dubbo,AtomicPositiveInteger,org.apache.dubbo.common.utils.atomicpositiveintegertest.testequals,False,False,True
71,1.0,incubator-dubbo,ClassHelper,org.apache.dubbo.common.utils.classhelpertest.testtoshortstring,False,False,True
76,1.0,incubator-dubbo,CollectionUtils,org.apache.dubbo.common.utils.collectionutilstest.testtomap1,False,False,True
84,1.0,incubator-dubbo,ConfigUtils,org.apache.dubbo.common.utils.configutilstest.testmergevaluesdelete,False,False,True
105,1.0,incubator-dubbo,PojoUtils,org.apache.dubbo.common.utils.pojoutilstest.test_primitivearray,False,False,True
112,1.0,incubator-dubbo,ReflectUtils,org.apache.dubbo.common.utils.reflectutilstest.testfindmethodbymethodsignaturenotfound,False,False,True
113,1.0,incubator-dubbo,ReflectUtils,org.apache.dubbo.common.utils.reflectutilstest.testgetconstructorname,False,False,True
116,1.0,incubator-dubbo,ReflectUtils,org.apache.dubbo.common.utils.reflectutilstest.testgetpropertynamefrombeanwritemethod,False,False,True
122,1.0,incubator-dubbo,StringUtils,org.apache.dubbo.common.utils.stringutilstest.testexceptiontostringwithmessage,False,False,True
125,1.0,incubator-dubbo,StringUtils,org.apache.dubbo.common.utils.stringutilstest.testisinteger,False,False,True
133,1.0,incubator-dubbo,UrlUtils,org.apache.dubbo.common.utils.urlutilstest.testconvertregister2,False,False,True
138,1.0,incubator-dubbo,AbstractConfig,org.apache.dubbo.config.abstractconfigtest.testappendparameters1,False,False,True
171,1.0,incubator-dubbo,ModuleConfig,org.apache.dubbo.config.moduleconfigtest.testmonitor,False,False,True
173,1.0,incubator-dubbo,ModuleConfig,org.apache.dubbo.config.moduleconfigtest.testversion,False,False,True
182,1.0,incubator-dubbo,ProtocolConfig,org.apache.dubbo.config.protocolconfigtest.testoptimizer,False,False,True
184,1.0,incubator-dubbo,ProviderConfig,org.apache.dubbo.config.providerconfigtest.testexchanger,False,False,True
196,1.0,incubator-dubbo,RegistryConfig,org.apache.dubbo.config.registryconfigtest.testgroup,False,False,True
201,1.0,incubator-dubbo,RegistryConfig,org.apache.dubbo.config.registryconfigtest.testsubscribe,False,False,True
220,1.0,incubator-dubbo,EchoService,org.apache.dubbo.echo.echoservicetest.testecho,False,True,True
250,1.0,incubator-dubbo,RegistryDirectory,org.apache.dubbo.registry.dubbo.registrydirectorytest.testnotified_witherror,False,False,True
251,1.0,incubator-dubbo,RegistryProtocol,org.apache.dubbo.registry.dubbo.registryprotocoltest.testnotifyoverride_notmatch,False,True,True
254,1.0,incubator-dubbo,MulticastRegistry,org.apache.dubbo.registry.multicast.multicastregistrytest.testgetcustomport,False,False,True
269,1.0,incubator-dubbo,ExchangeCodec,org.apache.dubbo.remoting.codec.exchangecodectest.test_decode_error_request_object,True,False,True
286,1.0,incubator-dubbo,HeaderExchangeChannel,org.apache.dubbo.remoting.exchange.support.header.headerexchangechanneltest.tostringtest,False,False,True
291,1.0,incubator-dubbo,TomcatHttpBinder,org.apache.dubbo.remoting.http.tomcat.tomcathttpbindertest.shouldablehandlerequestfortomcatbinder,False,False,True
297,1.0,incubator-dubbo,AbsentConfigurator,org.apache.dubbo.rpc.cluster.configurator.absent.absentconfiguratortest.testoverrideapplication,False,True,True
304,1.0,incubator-dubbo,TagRouter,org.apache.dubbo.rpc.cluster.router.tag.tagroutertest.testroute_requestwithtag_shoulddowngrade,True,True,False
305,1.0,incubator-dubbo,AbstractClusterInvoker,org.apache.dubbo.rpc.cluster.support.abstractclusterinvokertest.testbindingattachment,True,False,False
356,1.0,incubator-dubbo,RestProtocol,org.apache.dubbo.rpc.protocol.rest.restprotocoltest.testregfail,False,False,True
364,1.0,incubator-dubbo,ThriftUtils,org.apache.dubbo.rpc.protocol.thrift.thriftutilstest.testgeneratemethodresultclassnamethrift,False,False,True
5,1.0,incubator-dubbo,JavaBeanSerializeUtil,org.apache.dubbo.common.beanutil.javabeanserializeutiltest.testserialize_array,False,False,True
10,1.0,incubator-dubbo,AdaptiveCompiler,org.apache.dubbo.common.compiler.support.adaptivecompilertest.testavailablecompiler,False,False,True
28,1.0,incubator-dubbo,UnsafeByteArrayInputStream,org.apache.dubbo.common.io.unsafebytearrayinputstreamtest.testwrongoffset,False,False,True
30,1.0,incubator-dubbo,UnsafeStringWriter,org.apache.dubbo.common.io.unsafestringwritertest.testappendnull,False,False,True
33,1.0,incubator-dubbo,JSON,org.apache.dubbo.common.json.jsontest.testlocale,False,False,True
35,1.0,incubator-dubbo,JSON,org.apache.dubbo.common.json.jsontest.testobject2json,False,False,True
61,1.0,incubator-dubbo,URL,org.apache.dubbo.common.urltest.test_anyhost,False,False,True
66,1.0,incubator-dubbo,URL,org.apache.dubbo.common.urltest.test_tofullstring,False,False,True
68,1.0,incubator-dubbo,Assert,org.apache.dubbo.common.utils.asserttest.testnotnull2,False,False,True
87,1.0,incubator-dubbo,ExecutorUtil,org.apache.dubbo.common.utils.executorutiltest.testgracefulshutdown1,False,False,True
94,1.0,incubator-dubbo,LogHelper,org.apache.dubbo.common.utils.loghelpertest.testwarn,False,False,True
117,1.0,incubator-dubbo,ReflectUtils,org.apache.dubbo.common.utils.reflectutilstest.testisprimitive,False,False,True
119,1.0,incubator-dubbo,Stack,org.apache.dubbo.common.utils.stacktest.testillegalremove,False,False,True
123,1.0,incubator-dubbo,StringUtils,org.apache.dubbo.common.utils.stringutilstest.testisblank,False,False,True
136,1.0,incubator-dubbo,Version,org.apache.dubbo.common.version.versiontest.testsupportresponseattatchment,False,False,True
153,1.0,incubator-dubbo,AbstractServiceConfig,org.apache.dubbo.config.abstractserviceconfigtest.testexecutes,False,False,True
155,1.0,incubator-dubbo,AbstractServiceConfig,org.apache.dubbo.config.abstractserviceconfigtest.testprotocol,False,False,True
164,1.0,incubator-dubbo,ArgumentConfig,org.apache.dubbo.config.argumentconfigtest.testtype,False,False,True
167,1.0,incubator-dubbo,ConsumerConfig,org.apache.dubbo.config.consumerconfigtest.testthreadpool,False,False,True
170,1.0,incubator-dubbo,ModuleConfig,org.apache.dubbo.config.moduleconfigtest.testdefault,False,False,True
175,1.0,incubator-dubbo,MonitorConfig,org.apache.dubbo.config.monitorconfigtest.testgroup,False,False,True
211,1.0,incubator-dubbo,DubboConfigBindingsRegistrar,org.apache.dubbo.config.spring.context.annotation.dubboconfigbindingsregistrartest.test,True,False,True
216,1.0,incubator-dubbo,SpringStatusChecker,org.apache.dubbo.config.spring.status.springstatuscheckertest.testwithlifecyclerunning,True,False,False
218,1.0,incubator-dubbo,Validation,org.apache.dubbo.config.validation.validationtest.testprovidervalidation,False,False,True
234,1.0,incubator-dubbo,TelnetCommandDecoder,org.apache.dubbo.qos.command.decoder.telnetcommanddecodertest.testdecode,True,False,False
248,1.0,incubator-dubbo,RegistryDirectory,org.apache.dubbo.registry.dubbo.registrydirectorytest.testnofity_disabled_specifiedprovider,False,True,True
262,1.0,incubator-dubbo,ZookeeperRegistry,org.apache.dubbo.registry.zookeeper.zookeeperregistrytest.testlookup,False,False,True
268,1.0,incubator-dubbo,AbstractChannelBuffer,org.apache.dubbo.remoting.buffer.abstractchannelbuffertest.teststreamtransfer1,False,False,True
282,1.0,incubator-dubbo,HeaderExchangeChannel,org.apache.dubbo.remoting.exchange.support.header.headerexchangechanneltest.getremoteaddresstest,False,False,True
287,1.0,incubator-dubbo,HeartbeatHandler,org.apache.dubbo.remoting.exchange.support.header.heartbeathandlertest.testheartbeat,False,True,True
321,1.0,incubator-dubbo,MockClusterInvoker,org.apache.dubbo.rpc.cluster.support.wrapper.mockclusterinvokertest.testmockinvokerfromoverride_invoke_force_throw,False,True,True
345,1.0,incubator-dubbo,HessianProtocol,org.apache.dubbo.rpc.protocol.hessian.hessianprotocoltest.testhessianprotocol,False,True,True
355,1.0,incubator-dubbo,RestProtocol,org.apache.dubbo.rpc.protocol.rest.restprotocoltest.testnettyserver,False,False,True
358,1.0,incubator-dubbo,RestProtocol,org.apache.dubbo.rpc.protocol.rest.restprotocoltest.testservletwithoutwebconfig,False,False,True
362,1.0,incubator-dubbo,ThriftCodec,org.apache.dubbo.rpc.protocol.thrift.thriftcodectest.testencodeexceptionresponse,False,True,True
367,1.0,incubator-dubbo,RpcContext,org.apache.dubbo.rpc.rpccontexttest.testobject,False,False,True
370,1.0,incubator-dubbo,ValidationFilter,org.apache.dubbo.validation.filter.validationfiltertest.testitwithexistclass,False,False,True
22,1.0,incubator-dubbo,ExtensionLoader,org.apache.dubbo.common.extension.extensionloadertest.test_getsupportedextensions_wrapperisnotext,False,False,True
43,1.0,incubator-dubbo,FastJsonObjectOutput,org.apache.dubbo.common.serialize.fastjson.fastjsonobjectoutputtest.testwritebytes,False,False,True
46,1.0,incubator-dubbo,FstObjectOutput,org.apache.dubbo.common.serialize.fst.fstobjectoutputtest.testwritebyte,False,False,True
51,1.0,incubator-dubbo,Hessian2Serialization,org.apache.dubbo.common.serialize.serialization.hessian2serializationtest.test_floatarray_withtype,False,False,True
82,1.0,incubator-dubbo,ConfigUtils,org.apache.dubbo.common.utils.configutilstest.testmergevalues,False,False,True
85,1.0,incubator-dubbo,ConfigUtils,org.apache.dubbo.common.utils.configutilstest.testmergevaluesdeletedefault,False,False,True
97,1.0,incubator-dubbo,LogUtil,org.apache.dubbo.common.utils.logutiltest.testfindlevelwiththreadname,False,False,True
100,1.0,incubator-dubbo,NamedThreadFactory,org.apache.dubbo.common.utils.namedthreadfactorytest.testprefixanddaemon,False,False,True
104,1.0,incubator-dubbo,PojoUtils,org.apache.dubbo.common.utils.pojoutilstest.test_pojoarray,False,False,True
111,1.0,incubator-dubbo,ReflectUtils,org.apache.dubbo.common.utils.reflectutilstest.testfindmethodbymethodsignature_override,False,False,True
115,1.0,incubator-dubbo,ReflectUtils,org.apache.dubbo.common.utils.reflectutilstest.testgetemptyobject,False,False,True
140,1.0,incubator-dubbo,AbstractInterfaceConfig,org.apache.dubbo.config.abstractinterfaceconfigtest.testcheckregistry1,False,False,True
142,1.0,incubator-dubbo,AbstractInterfaceConfig,org.apache.dubbo.config.abstractinterfaceconfigtest.testlocal,False,False,True
146,1.0,incubator-dubbo,AbstractMethodConfig,org.apache.dubbo.config.abstractmethodconfigtest.testretries,False,False,True
148,1.0,incubator-dubbo,AbstractReferenceConfig,org.apache.dubbo.config.abstractreferenceconfigtest.testfilter,False,False,True
161,1.0,incubator-dubbo,ApplicationConfig,org.apache.dubbo.config.applicationconfigtest.testqosport,False,False,True
178,1.0,incubator-dubbo,ProtocolConfig,org.apache.dubbo.config.protocolconfigtest.testextension,False,False,True
186,1.0,incubator-dubbo,ProviderConfig,org.apache.dubbo.config.providerconfigtest.testnetworker,False,False,True
191,1.0,incubator-dubbo,ReferenceConfig,org.apache.dubbo.config.referenceconfigtest.testreferenceretry,False,False,True
193,1.0,incubator-dubbo,RegistryConfig,org.apache.dubbo.config.registryconfigtest.testcheck,False,False,True
203,1.0,incubator-dubbo,RegistryConfig,org.apache.dubbo.config.registryconfigtest.testversion,False,False,True
206,1.0,incubator-dubbo,ServiceConfig,org.apache.dubbo.config.serviceconfigtest.testprovider,False,False,True
222,1.0,incubator-dubbo,MetricName,org.apache.dubbo.metrics.metricnametest.testresolvewithlevel,False,False,True
240,1.0,incubator-dubbo,QosProtocolWrapper,org.apache.dubbo.qos.protocol.qosprotocolwrappertest.testexport,False,False,True
243,1.0,incubator-dubbo,TTable,org.apache.dubbo.qos.textui.ttabletest.test1,False,False,True
244,1.0,incubator-dubbo,TTable,org.apache.dubbo.qos.textui.ttabletest.test2,False,False,True
258,1.0,incubator-dubbo,AbstractRegistry,org.apache.dubbo.registry.support.abstractregistrytest.testregisterifurlnull,False,False,True
265,1.0,incubator-dubbo,AbstractChannelBuffer,org.apache.dubbo.remoting.buffer.abstractchannelbuffertest.testrandombytebuffertransfer,False,False,True
309,1.0,incubator-dubbo,FailbackClusterInvoker,org.apache.dubbo.rpc.cluster.support.failbackclusterinvokertest.testinvokeexceptoin,True,False,True
322,1.0,incubator-dubbo,ActiveLimitFilter,org.apache.dubbo.rpc.filter.activelimitfiltertest.testinvokegreateractives,False,True,True
328,1.0,incubator-dubbo,ExecuteLimitFilter,org.apache.dubbo.rpc.filter.executelimitfiltertest.testmorethanexecutelimitinvoke,False,True,True
330,1.0,incubator-dubbo,TimeoutFilter,org.apache.dubbo.rpc.filter.timeoutfiltertest.testinvokewithouttimeout,False,True,True
344,1.0,incubator-dubbo,HessianProtocol,org.apache.dubbo.rpc.protocol.hessian.hessianprotocoltest.testgenericinvokewithnativejava,False,True,True
348,1.0,incubator-dubbo,InjvmProtocol,org.apache.dubbo.rpc.protocol.injvm.injvmprotocoltest.testisinjvmrefer,False,True,True
352,1.0,incubator-dubbo,RedisProtocol,org.apache.dubbo.rpc.protocol.redis.redisprotocoltest.testwrongredis,False,False,True
353,1.0,incubator-dubbo,RestProtocol,org.apache.dubbo.rpc.protocol.rest.restprotocoltest.testfilter,False,False,True
354,1.0,incubator-dubbo,RestProtocol,org.apache.dubbo.rpc.protocol.rest.restprotocoltest.testinvoke,False,False,True
6,1.0,incubator-dubbo,JavaBeanSerializeUtil,org.apache.dubbo.common.beanutil.javabeanserializeutiltest.testserialize_primitive,False,False,True
7,1.0,incubator-dubbo,Mixin,org.apache.dubbo.common.bytecode.mixintest.testmain,False,False,True
13,1.0,incubator-dubbo,ClassUtils,org.apache.dubbo.common.compiler.support.classutilstest.testtouri,False,False,True
15,1.0,incubator-dubbo,JdkCompiler,org.apache.dubbo.common.compiler.support.jdkcompilertest.test_compilejavaclass,False,True,True
17,1.0,incubator-dubbo,ExtensionLoader,org.apache.dubbo.common.extension.extensionloadertest.test_addextension_adaptive,False,False,True
21,1.0,incubator-dubbo,ExtensionLoader,org.apache.dubbo.common.extension.extensionloadertest.test_getextensionloader_null,False,False,True
26,1.0,incubator-dubbo,Bytes,org.apache.dubbo.common.io.bytestest.testbytes2hexwithwrongoffset,False,False,True
34,1.0,incubator-dubbo,JSON,org.apache.dubbo.common.json.jsontest.testmap,False,False,True
37,1.0,incubator-dubbo,LoggerFactory,org.apache.dubbo.common.logger.loggerfactorytest.testloggerlevel,False,False,True
41,1.0,incubator-dubbo,FastJsonObjectInput,org.apache.dubbo.common.serialize.fastjson.fastjsonobjectinputtest.testreadobjectwithoutclass,False,False,True
44,1.0,incubator-dubbo,FastJsonObjectOutput,org.apache.dubbo.common.serialize.fastjson.fastjsonobjectoutputtest.testwritelong,False,False,True
57,1.0,incubator-dubbo,InternalThreadLocal,org.apache.dubbo.common.threadlocal.internalthreadlocaltest.testperformance,False,False,True
60,1.0,incubator-dubbo,URL,org.apache.dubbo.common.urltest.test_addparameterifabsent,False,False,True
101,1.0,incubator-dubbo,NetUtils,org.apache.dubbo.common.utils.netutilstest.testgetlocaladdress,False,False,True
108,1.0,incubator-dubbo,PojoUtils,org.apache.dubbo.common.utils.pojoutilstest.testmapfield,False,False,True
121,1.0,incubator-dubbo,StringUtils,org.apache.dubbo.common.utils.stringutilstest.testexceptiontostring,False,False,True
124,1.0,incubator-dubbo,StringUtils,org.apache.dubbo.common.utils.stringutilstest.testiscontains,False,False,True
137,1.0,incubator-dubbo,AbstractConfig,org.apache.dubbo.config.abstractconfigtest.testappendattributes1,False,False,True
176,1.0,incubator-dubbo,ProtocolConfig,org.apache.dubbo.config.protocolconfigtest.testcorethreads,False,False,True
190,1.0,incubator-dubbo,ProviderConfig,org.apache.dubbo.config.providerconfigtest.testwait,False,False,True
198,1.0,incubator-dubbo,RegistryConfig,org.apache.dubbo.config.registryconfigtest.testprotocol,False,False,True
214,1.0,incubator-dubbo,DubboNamespaceHandler,org.apache.dubbo.config.spring.schema.dubbonamespacehandlertest.testmonitor,True,True,False
217,1.0,incubator-dubbo,PropertySourcesUtils,org.apache.dubbo.config.spring.util.propertysourcesutilstest.testgetsubproperties,False,False,True
237,1.0,incubator-dubbo,Quit,org.apache.dubbo.qos.command.impl.quittest.testexecute,True,False,False
256,1.0,incubator-dubbo,AbstractRegistry,org.apache.dubbo.registry.support.abstractregistrytest.testnotifylist,False,True,True
277,1.0,incubator-dubbo,DefaultFuture,org.apache.dubbo.remoting.exchange.support.defaultfuturetest.timeoutnotsend,False,False,True
280,1.0,incubator-dubbo,HeaderExchangeChannel,org.apache.dubbo.remoting.exchange.support.header.headerexchangechanneltest.getoraddchanneltest01,False,False,True
307,1.0,incubator-dubbo,AbstractClusterInvoker,org.apache.dubbo.rpc.cluster.support.abstractclusterinvokertest.testselectagainandcheckavailable,False,False,True
314,1.0,incubator-dubbo,ForkingClusterInvoker,org.apache.dubbo.rpc.cluster.support.forkingclusterinvokertest.testclearrpccontext,True,False,False
315,1.0,incubator-dubbo,MergeableClusterInvoker,org.apache.dubbo.rpc.cluster.support.mergeableclusterinvokertest.testaddmenu,False,False,True
324,1.0,incubator-dubbo,EchoFilter,org.apache.dubbo.rpc.filter.echofiltertest.testecho,False,True,True
331,1.0,incubator-dubbo,StatItem,org.apache.dubbo.rpc.filter.tps.statitemtest.testisallowable,False,False,True
334,1.0,incubator-dubbo,ReferenceCountExchangeClient,org.apache.dubbo.rpc.protocol.dubbo.referencecountexchangeclienttest.test_multi_destory,False,False,True
341,1.0,incubator-dubbo,PortTelnetHandler,org.apache.dubbo.rpc.protocol.dubbo.telnet.porttelnethandlertest.testlistallport,False,False,True
349,1.0,incubator-dubbo,Protocol,org.apache.dubbo.rpc.protocol.injvm.protocoltest.test_destroywontcloseallprotocol,False,False,True
363,1.0,incubator-dubbo,ThriftUtils,org.apache.dubbo.rpc.protocol.thrift.thriftutilstest.testgeneratemethodargsclassnamethrift,False,False,True
369,1.0,incubator-dubbo,RpcUtils,org.apache.dubbo.rpc.support.rpcutilstest.testattachinvocationidifasync_nullattachments,False,True,True
18,1.0,incubator-dubbo,ExtensionLoader,org.apache.dubbo.common.extension.extensionloadertest.test_addextension_adaptive_exceptionwhenexistedadaptive,False,False,True
25,1.0,incubator-dubbo,ActivateComparator,org.apache.dubbo.common.extension.support.activatecomparatortest.testactivatecomparator,False,False,True
27,1.0,incubator-dubbo,Bytes,org.apache.dubbo.common.io.bytestest.testwrongoffset,False,False,True
42,1.0,incubator-dubbo,FastJsonObjectOutput,org.apache.dubbo.common.serialize.fastjson.fastjsonobjectoutputtest.testwritebyte,False,False,True
53,1.0,incubator-dubbo,ReflectionUtils,org.apache.dubbo.common.serialize.serialization.reflectionutilstest.test,False,False,True
64,1.0,incubator-dubbo,URL,org.apache.dubbo.common.urltest.test_path,False,False,True
65,1.0,incubator-dubbo,URL,org.apache.dubbo.common.urltest.test_set_methods,False,False,True
69,1.0,incubator-dubbo,AtomicPositiveInteger,org.apache.dubbo.common.utils.atomicpositiveintegertest.testdecrementandget,False,False,True
72,1.0,incubator-dubbo,CollectionUtils,org.apache.dubbo.common.utils.collectionutilstest.testisnotempty,False,False,True
74,1.0,incubator-dubbo,CollectionUtils,org.apache.dubbo.common.utils.collectionutilstest.testsortnull,False,False,True
89,1.0,incubator-dubbo,IOUtils,org.apache.dubbo.common.utils.ioutilstest.testlines,True,False,True
95,1.0,incubator-dubbo,LogUtil,org.apache.dubbo.common.utils.logutiltest.testchecknoerror,False,False,True
106,1.0,incubator-dubbo,PojoUtils,org.apache.dubbo.common.utils.pojoutilstest.test_simplecollection,False,False,True
145,1.0,incubator-dubbo,AbstractMethodConfig,org.apache.dubbo.config.abstractmethodconfigtest.testparameters,False,False,True
147,1.0,incubator-dubbo,AbstractMethodConfig,org.apache.dubbo.config.abstractmethodconfigtest.testtimeout,False,False,True
150,1.0,incubator-dubbo,AbstractReferenceConfig,org.apache.dubbo.config.abstractreferenceconfigtest.testversion,False,False,True
160,1.0,incubator-dubbo,ApplicationConfig,org.apache.dubbo.config.applicationconfigtest.testparameters,False,False,True
162,1.0,incubator-dubbo,ApplicationConfig,org.apache.dubbo.config.applicationconfigtest.testregistry,False,False,True
166,1.0,incubator-dubbo,ConsumerConfig,org.apache.dubbo.config.consumerconfigtest.testqueues,False,False,True
177,1.0,incubator-dubbo,ProtocolConfig,org.apache.dubbo.config.protocolconfigtest.testdestroy,False,False,True
179,1.0,incubator-dubbo,ProtocolConfig,org.apache.dubbo.config.protocolconfigtest.testiothreads,False,False,True
183,1.0,incubator-dubbo,ProviderConfig,org.apache.dubbo.config.providerconfigtest.testaccepts,False,False,True
212,1.0,incubator-dubbo,StringArrayToStringConverter,org.apache.dubbo.config.spring.convert.converter.stringarraytostringconvertertest.testconvert,False,False,True
229,1.0,incubator-dubbo,AbstractMonitorFactory,org.apache.dubbo.monitor.support.abstractmonitorfactorytest.testmonitorfactoryipcache,False,False,True
242,1.0,incubator-dubbo,TelnetProcessHandler,org.apache.dubbo.qos.server.handler.telnetprocesshandlertest.testunknowncommand,True,False,True
245,1.0,incubator-dubbo,RegistryDirectory,org.apache.dubbo.registry.dubbo.registrydirectorytest.test_notified_acceptprotocol1,False,True,True
264,1.0,incubator-dubbo,AbstractChannelBuffer,org.apache.dubbo.remoting.buffer.abstractchannelbuffertest.testcopy,False,False,True
271,1.0,incubator-dubbo,ExchangeCodec,org.apache.dubbo.remoting.codec.exchangecodectest.test_header_response_heartbeat,False,False,True
272,1.0,incubator-dubbo,ExchangeCodec,org.apache.dubbo.remoting.codec.exchangecodectest.testmessagelengthgreaterthanmessageactuallength,False,False,True
276,1.0,incubator-dubbo,TelnetCodec,org.apache.dubbo.remoting.codec.telnetcodectest.testdecode_string_withenter,False,False,True
279,1.0,incubator-dubbo,HeaderExchangeChannel,org.apache.dubbo.remoting.exchange.support.header.headerexchangechanneltest.getlocaladdresstest,False,False,True
288,1.0,incubator-dubbo,HeartBeatTask,org.apache.dubbo.remoting.exchange.support.header.heartbeattasktest.testheartbeat,False,False,True
323,1.0,incubator-dubbo,ClassLoaderFilter,org.apache.dubbo.rpc.filter.classloaderfiltertest.testinvoke,True,True,True
357,1.0,incubator-dubbo,RestProtocol,org.apache.dubbo.rpc.protocol.rest.restprotocoltest.testrpccontextfilter,True,False,True
361,1.0,incubator-dubbo,ThriftCodec,org.apache.dubbo.rpc.protocol.thrift.thriftcodectest.testdecodeexceptionresponse,False,True,True
365,1.0,incubator-dubbo,WebServiceProtocol,org.apache.dubbo.rpc.protocol.webservice.webserviceprotocoltest.testdemoprotocol,False,True,True
366,1.0,incubator-dubbo,RestProtocol,org.apache.dubbo.rpc.protol.rest.restprotocoltest.testrestprotocolwithcontextpath,True,True,True
11,1.0,incubator-dubbo,ClassUtils,org.apache.dubbo.common.compiler.support.classutilstest.testforname2,False,False,True
19,1.0,incubator-dubbo,ExtensionLoader,org.apache.dubbo.common.extension.extensionloadertest.test_addextension_noextend,False,True,True
24,1.0,incubator-dubbo,ExtensionLoader,org.apache.dubbo.common.extension.extensionloadertest.test_initerror,False,False,True
38,1.0,incubator-dubbo,FailsafeLogger,org.apache.dubbo.common.logger.support.failsafeloggertest.testfailsafeforloggingmethod,False,False,True
52,1.0,incubator-dubbo,Hessian2Serialization,org.apache.dubbo.common.serialize.serialization.hessian2serializationtest.test_intarray_withtype,False,False,True
56,1.0,incubator-dubbo,InternalThreadLocal,org.apache.dubbo.common.threadlocal.internalthreadlocaltest.testonremove,False,False,True
78,1.0,incubator-dubbo,ConfigUtils,org.apache.dubbo.common.utils.configutilstest.testgetpid,False,False,True
83,1.0,incubator-dubbo,ConfigUtils,org.apache.dubbo.common.utils.configutilstest.testmergevaluesadddefault,False,False,True
96,1.0,incubator-dubbo,LogUtil,org.apache.dubbo.common.utils.logutiltest.testfindlevel,False,False,True
99,1.0,incubator-dubbo,NamedThreadFactory,org.apache.dubbo.common.utils.namedthreadfactorytest.testnewthread,False,False,True
114,1.0,incubator-dubbo,ReflectUtils,org.apache.dubbo.common.utils.reflectutilstest.testgetdescconstructor,False,False,True
126,1.0,incubator-dubbo,StringUtils,org.apache.dubbo.common.utils.stringutilstest.testisnumeric,False,False,True
129,1.0,incubator-dubbo,StringUtils,org.apache.dubbo.common.utils.stringutilstest.testsplit,False,False,True
135,1.0,incubator-dubbo,UrlUtils,org.apache.dubbo.common.utils.urlutilstest.testsubscribe2,False,False,True
143,1.0,incubator-dubbo,AbstractMethodConfig,org.apache.dubbo.config.abstractmethodconfigtest.testcache,False,False,True
165,1.0,incubator-dubbo,ConsumerConfig,org.apache.dubbo.config.consumerconfigtest.testdefault,False,False,True
185,1.0,incubator-dubbo,ProviderConfig,org.apache.dubbo.config.providerconfigtest.testiothreads,False,False,True
197,1.0,incubator-dubbo,RegistryConfig,org.apache.dubbo.config.registryconfigtest.testpassword,False,False,True
199,1.0,incubator-dubbo,RegistryConfig,org.apache.dubbo.config.registryconfigtest.testregister,False,False,True
202,1.0,incubator-dubbo,RegistryConfig,org.apache.dubbo.config.registryconfigtest.testusername,False,False,True
207,1.0,incubator-dubbo,ReferenceAnnotationBeanPostProcessor,org.apache.dubbo.config.spring.beans.factory.annotation.referenceannotationbeanpostprocessortest.testgetinjectedfieldreferencebeanmap,True,False,True
224,1.0,incubator-dubbo,MetricName,org.apache.dubbo.metrics.metricnametest.testtaggedmorearguments,False,False,True
226,1.0,incubator-dubbo,DubboMonitor,org.apache.dubbo.monitor.dubbo.dubbomonitortest.testavailable,False,True,True
232,1.0,incubator-dubbo,CommandContext,org.apache.dubbo.qos.command.commandcontexttest.test,True,False,True
236,1.0,incubator-dubbo,Online,org.apache.dubbo.qos.command.impl.onlinetest.testexecute,True,False,False
238,1.0,incubator-dubbo,CommandHelper,org.apache.dubbo.qos.command.util.commandhelpertest.testgetallcommandclass,False,False,True
261,1.0,incubator-dubbo,FailbackRegistry,org.apache.dubbo.registry.support.failbackregistrytest.testdoretry_subscribe,False,False,True
270,1.0,incubator-dubbo,ExchangeCodec,org.apache.dubbo.remoting.codec.exchangecodectest.test_encode_request,False,False,True
274,1.0,incubator-dubbo,TelnetCodec,org.apache.dubbo.remoting.codec.telnetcodectest.testdecode_person_withenter,False,False,True
295,1.0,incubator-dubbo,ZkClientWrapper,org.apache.dubbo.remoting.zookeeper.zkclient.zkclientwrappertest.testconnectedstatus,False,False,True
300,1.0,incubator-dubbo,ConditionRouter,org.apache.dubbo.rpc.cluster.router.condition.conditionroutertest.testroute_noforce,False,True,True
311,1.0,incubator-dubbo,FailsafeClusterInvoker,org.apache.dubbo.rpc.cluster.support.failsafeclusterinvokertest.testinvokeexceptoin,True,False,True
316,1.0,incubator-dubbo,MockClusterInvoker,org.apache.dubbo.rpc.cluster.support.wrapper.mockclusterinvokertest.testmockinvokerfromoverride_invoke_check_boolean,False,True,True
332,1.0,incubator-dubbo,TpsLimitFilter,org.apache.dubbo.rpc.filter.tpslimitfiltertest.testfail,False,True,True
338,1.0,incubator-dubbo,ChangeTelnetHandler,org.apache.dubbo.rpc.protocol.dubbo.telnet.changetelnethandlertest.testchangepath,False,False,True
339,1.0,incubator-dubbo,CurrentTelnetHandler,org.apache.dubbo.rpc.protocol.dubbo.telnet.currenttelnethandlertest.testservice,False,False,True
343,1.0,incubator-dubbo,HessianProtocol,org.apache.dubbo.rpc.protocol.hessian.hessianprotocoltest.testgenericinvokewithbean,False,True,True
1,1.0,incubator-dubbo,ThreadLocalCacheFactory,org.apache.dubbo.cache.support.threadlocal.threadlocalcachefactorytest.testthreadlocalcachefactory,False,False,True
3,1.0,incubator-dubbo,JavaBeanSerializeUtil,org.apache.dubbo.common.beanutil.javabeanserializeutiltest.testdeserialize_primitive0,False,False,True
14,1.0,incubator-dubbo,JavassistCompiler,org.apache.dubbo.common.compiler.support.javassistcompilertest.testcompilejavaclasswithimport,False,True,True
47,1.0,incubator-dubbo,FstObjectOutput,org.apache.dubbo.common.serialize.fst.fstobjectoutputtest.testwritenullbyteswithsublength,False,False,True
48,1.0,incubator-dubbo,FstSerialization,org.apache.dubbo.common.serialize.fst.fstserializationtest.testcontenttypeid,False,False,True
80,1.0,incubator-dubbo,ConfigUtils,org.apache.dubbo.common.utils.configutilstest.testgetpropertyfromsystem,False,False,True
92,1.0,incubator-dubbo,LogHelper,org.apache.dubbo.common.utils.loghelpertest.testerror,False,False,True
103,1.0,incubator-dubbo,PojoUtils,org.apache.dubbo.common.utils.pojoutilstest.test_looppojoinlist,False,False,True
131,1.0,incubator-dubbo,UrlUtils,org.apache.dubbo.common.utils.urlutilstest.testaddressnull,False,False,True
134,1.0,incubator-dubbo,UrlUtils,org.apache.dubbo.common.utils.urlutilstest.testrevertforbid3,False,False,True
139,1.0,incubator-dubbo,AbstractConfig,org.apache.dubbo.config.abstractconfigtest.testappendparameters3,False,False,True
141,1.0,incubator-dubbo,AbstractInterfaceConfig,org.apache.dubbo.config.abstractinterfaceconfigtest.testconnections,False,False,True
144,1.0,incubator-dubbo,AbstractMethodConfig,org.apache.dubbo.config.abstractmethodconfigtest.testmerger,False,False,True
152,1.0,incubator-dubbo,AbstractServiceConfig,org.apache.dubbo.config.abstractserviceconfigtest.testdynamic,False,False,True
159,1.0,incubator-dubbo,ApplicationConfig,org.apache.dubbo.config.applicationconfigtest.testowner,False,False,True
169,1.0,incubator-dubbo,MethodConfig,org.apache.dubbo.config.methodconfigtest.teststat,False,False,True
174,1.0,incubator-dubbo,MonitorConfig,org.apache.dubbo.config.monitorconfigtest.testaddress,False,False,True
180,1.0,incubator-dubbo,ProtocolConfig,org.apache.dubbo.config.protocolconfigtest.testkeepalive,False,False,True
192,1.0,incubator-dubbo,RegistryConfig,org.apache.dubbo.config.registryconfigtest.testcheck,False,False,True
209,1.0,incubator-dubbo,ServiceAnnotationBeanPostProcessor,org.apache.dubbo.config.spring.beans.factory.annotation.serviceannotationbeanpostprocessortest.test,False,False,True
215,1.0,incubator-dubbo,DataSourceStatusChecker,org.apache.dubbo.config.spring.status.datasourcestatuscheckertest.testwithoutapplicationcontext,True,False,False
225,1.0,incubator-dubbo,MetricName,org.apache.dubbo.metrics.metricnametest.testtaggednotpairs2,False,False,True
230,1.0,incubator-dubbo,MonitorFilter,org.apache.dubbo.monitor.support.monitorfiltertest.testgenericfilter,True,False,True
252,1.0,incubator-dubbo,MulticastRegistry,org.apache.dubbo.registry.multicast.multicastregistrytest.testanyhost,False,False,True
253,1.0,incubator-dubbo,MulticastRegistry,org.apache.dubbo.registry.multicast.multicastregistrytest.testdefaultport,False,True,True
267,1.0,incubator-dubbo,AbstractChannelBuffer,org.apache.dubbo.remoting.buffer.abstractchannelbuffertest.testsequentialheapbuffertransfer1,False,False,True
281,1.0,incubator-dubbo,HeaderExchangeChannel,org.apache.dubbo.remoting.exchange.support.header.headerexchangechanneltest.getoraddchanneltest02,False,False,True
290,1.0,incubator-dubbo,HeaderExchangeHandler,org.apache.dubbo.remoting.handler.headerexchangehandlertest.test_received_request_twoway_error_reqeustbroken,False,False,True
294,1.0,incubator-dubbo,CuratorZookeeperClient,org.apache.dubbo.remoting.zookeeper.curator.curatorzookeeperclienttest.testremovechildrenlistener,False,False,True
296,1.0,incubator-dubbo,ZkclientZookeeperClient,org.apache.dubbo.remoting.zookeeper.zkclient.zkclientzookeeperclienttest.testgetchildren,False,True,True
298,1.0,incubator-dubbo,OverrideConfigurator,org.apache.dubbo.rpc.cluster.configurator.override.overrideconfiguratortest.testoverride_application,False,True,True
299,1.0,incubator-dubbo,OverrideConfigurator,org.apache.dubbo.rpc.cluster.configurator.override.overrideconfiguratortest.testoverride_host,False,True,True
306,1.0,incubator-dubbo,AbstractClusterInvoker,org.apache.dubbo.rpc.cluster.support.abstractclusterinvokertest.testselect_multiinvokers,False,False,True
333,1.0,incubator-dubbo,DubboProtocol,org.apache.dubbo.rpc.protocol.dubbo.dubboprotocoltest.testdubboprotocolwithmina,False,True,True
342,1.0,incubator-dubbo,PortTelnetHandler,org.apache.dubbo.rpc.protocol.dubbo.telnet.porttelnethandlertest.testlistdetail,False,False,True
351,1.0,incubator-dubbo,RedisProtocol,org.apache.dubbo.rpc.protocol.redis.redisprotocoltest.testwrongauthredis,False,False,True
368,1.0,incubator-dubbo,StaticContext,org.apache.dubbo.rpc.staticcontexttest.testgetkey,True,False,True
23,1.0,incubator-dubbo,ExtensionLoader,org.apache.dubbo.common.extension.extensionloadertest.test_hasextension_wrapperisnotext,False,False,True
31,1.0,incubator-dubbo,UnsafeStringWriter,org.apache.dubbo.common.io.unsafestringwritertest.testnegativesize,False,False,True
39,1.0,incubator-dubbo,FastJsonObjectInput,org.apache.dubbo.common.serialize.fastjson.fastjsonobjectinputtest.testreadbyte,False,False,True
73,1.0,incubator-dubbo,CollectionUtils,org.apache.dubbo.common.utils.collectionutilstest.testmapequals,False,False,True
75,1.0,incubator-dubbo,CollectionUtils,org.apache.dubbo.common.utils.collectionutilstest.teststringmap2,False,False,True
77,1.0,incubator-dubbo,ConfigUtils,org.apache.dubbo.common.utils.configutilstest.testaddproperties,False,False,True
81,1.0,incubator-dubbo,ConfigUtils,org.apache.dubbo.common.utils.configutilstest.testisdefault,False,False,True
102,1.0,incubator-dubbo,NetUtils,org.apache.dubbo.common.utils.netutilstest.testisvalidv6address,False,False,True
109,1.0,incubator-dubbo,PojoUtils,org.apache.dubbo.common.utils.pojoutilstest.testpublicfield,False,False,True
132,1.0,incubator-dubbo,UrlUtils,org.apache.dubbo.common.utils.urlutilstest.testconvertregister,False,False,True
151,1.0,incubator-dubbo,AbstractServiceConfig,org.apache.dubbo.config.abstractserviceconfigtest.testaccesslog,False,False,True
154,1.0,incubator-dubbo,AbstractServiceConfig,org.apache.dubbo.config.abstractserviceconfigtest.testfilter,False,False,True
156,1.0,incubator-dubbo,AbstractServiceConfig,org.apache.dubbo.config.abstractserviceconfigtest.testweight,False,False,True
157,1.0,incubator-dubbo,ApplicationConfig,org.apache.dubbo.config.applicationconfigtest.testenvironment1,False,False,True
158,1.0,incubator-dubbo,ApplicationConfig,org.apache.dubbo.config.applicationconfigtest.testorganization,False,False,True
168,1.0,incubator-dubbo,MethodConfig,org.apache.dubbo.config.methodconfigtest.testonreturn,False,False,True
181,1.0,incubator-dubbo,ProtocolConfig,org.apache.dubbo.config.protocolconfigtest.testname,False,False,True
194,1.0,incubator-dubbo,RegistryConfig,org.apache.dubbo.config.registryconfigtest.testclient,False,False,True
205,1.0,incubator-dubbo,ServiceConfig,org.apache.dubbo.config.serviceconfigtest.testinterface2,False,False,True
210,1.0,incubator-dubbo,DubboConfigBindingRegistrar,org.apache.dubbo.config.spring.context.annotation.dubboconfigbindingregistrartest.testregisterbeandefinitionsformultiple,True,False,True
228,1.0,incubator-dubbo,AbstractMonitorFactory,org.apache.dubbo.monitor.support.abstractmonitorfactorytest.testmonitorfactorygroupcache,False,False,True
239,1.0,incubator-dubbo,CommandHelper,org.apache.dubbo.qos.command.util.commandhelpertest.testgetcommandclass,False,False,True
246,1.0,incubator-dubbo,RegistryDirectory,org.apache.dubbo.registry.dubbo.registrydirectorytest.testdubbo1urlwithgenericinvocation,False,False,True
249,1.0,incubator-dubbo,RegistryDirectory,org.apache.dubbo.registry.dubbo.registrydirectorytest.testnofityoverrideurls_disabled_allprovider,False,True,True
259,1.0,incubator-dubbo,AbstractRegistry,org.apache.dubbo.registry.support.abstractregistrytest.testsubscribeifurlnull,False,True,True
263,1.0,incubator-dubbo,ZookeeperRegistry,org.apache.dubbo.registry.zookeeper.zookeeperregistrytest.testsubscribeanyvalue,False,False,True
273,1.0,incubator-dubbo,TelnetCodec,org.apache.dubbo.remoting.codec.telnetcodectest.testdecode_history_up,False,False,True
275,1.0,incubator-dubbo,TelnetCodec,org.apache.dubbo.remoting.codec.telnetcodectest.testdecode_string_noenter,False,False,True
308,1.0,incubator-dubbo,AbstractClusterInvoker,org.apache.dubbo.rpc.cluster.support.abstractclusterinvokertest.testselectbalance,False,False,True
310,1.0,incubator-dubbo,FailoverClusterInvoker,org.apache.dubbo.rpc.cluster.support.failoverclusterinvokertest.testnoinvoke,False,False,True
325,1.0,incubator-dubbo,ExceptionFilter,org.apache.dubbo.rpc.filter.exceptionfiltertest.testconverttoruntimeexception,False,False,True
327,1.0,incubator-dubbo,ExecuteLimitFilter,org.apache.dubbo.rpc.filter.executelimitfiltertest.testexecutelimitinvoke,False,True,True
329,1.0,incubator-dubbo,ExecuteLimitFilter,org.apache.dubbo.rpc.filter.executelimitfiltertest.testnoexecutelimitinvoke,False,True,True
336,1.0,incubator-dubbo,EnumBak,org.apache.dubbo.rpc.protocol.dubbo.support.enumbak.testexportservice,False,True,True
347,1.0,incubator-dubbo,HttpProtocol,org.apache.dubbo.rpc.protocol.http.httpprotocoltest.testcustomexception,False,True,True
350,1.0,incubator-dubbo,RedisProtocol,org.apache.dubbo.rpc.protocol.redis.redisprotocoltest.testauthredis,True,False,True
359,1.0,incubator-dubbo,RpcExceptionMapper,org.apache.dubbo.rpc.protocol.rest.rpcexceptionmappertest.testconstraintviolationexception,False,False,True
