5498,16,joda-time,BuddhistChronology,org.joda.time.chrono.testbuddhistchronology.testequality,False,False
5518,16,joda-time,GregorianChronology,org.joda.time.chrono.testgregorianchronology.testfactory,False,False
5520,16,joda-time,IslamicChronology,org.joda.time.chrono.testislamicchronology.test16basedleapyear,True,False
5529,16,joda-time,LenientChronology,org.joda.time.chrono.testlenientchronology.test_lenientchrononolgy_chicago,False,False
5539,16,joda-time,ConverterManager,org.joda.time.convert.testconvertermanager.testgetinstantconverterbadmultiplematches,False,False
5544,16,joda-time,ConverterManager,org.joda.time.convert.testconvertermanager.testremovedurationconverter1,True,False
5550,16,joda-time,ConverterSet,org.joda.time.convert.testconverterset.testclass,True,True
5559,16,joda-time,ReadableDurationConverter,org.joda.time.convert.testreadabledurationconverter.testgetperiodtype_object,True,False
5592,16,joda-time,BaseDateTimeField,org.joda.time.field.testbasedatetimefield.test_gettype,False,False
5599,16,joda-time,FieldUtils,org.joda.time.field.testfieldutils.testsafesubtractlong,False,False
5613,16,joda-time,OffsetDateTimeField,org.joda.time.field.testoffsetdatetimefield.test_isleap_long,False,False
5624,16,joda-time,PreciseDateTimeField,org.joda.time.field.testprecisedatetimefield.test_getastext_rp_int_locale,False,False
5630,16,joda-time,PreciseDurationDateTimeField,org.joda.time.field.testprecisedurationdatetimefield.test_add_long_int,False,False
5642,16,joda-time,PreciseDurationDateTimeField,org.joda.time.field.testprecisedurationdatetimefield.test_islenient,False,False
5643,16,joda-time,PreciseDurationDateTimeField,org.joda.time.field.testprecisedurationdatetimefield.test_roundceiling_long,False,False
5649,16,joda-time,PreciseDurationField,org.joda.time.field.testprecisedurationfield.testserialization,True,True
5655,16,joda-time,ScaledDurationField,org.joda.time.field.testscaleddurationfield.test_getvalue_long,False,False
5659,16,joda-time,UnsupportedDateTimeField,org.joda.time.field.testunsupporteddatetimefield.testnullvaluestogetinstancethrowsexception,False,False
5686,16,joda-time,DateTimeFormatter,org.joda.time.format.testdatetimeformatter.testparseinto_monthonly_parseendyear,False,False
5687,16,joda-time,DateTimeFormatter,org.joda.time.format.testdatetimeformatter.testparseinto_monthonly_parsestartyear,False,False
5691,16,joda-time,DateTimeFormatter,org.joda.time.format.testdatetimeformatter.testparseinto_zone3,False,False
5701,16,joda-time,DateTimeFormatter,org.joda.time.format.testdatetimeformatter.testprint_chrono,True,False
5709,16,joda-time,DateTimeFormatterBuilder,org.joda.time.format.testdatetimeformatterbuilder.test_appendoptional_nullparser,False,False
5733,16,joda-time,ISODateTimeFormat,org.joda.time.format.testisodatetimeformat.testformat_basicdatetimenomillis,False,False
5734,16,joda-time,ISODateTimeFormat,org.joda.time.format.testisodatetimeformat.testformat_basicordinaldate,False,False
5740,16,joda-time,ISODateTimeFormat,org.joda.time.format.testisodatetimeformat.testformat_hourminutesecondfraction,False,False
5744,16,joda-time,ISODateTimeFormat,org.joda.time.format.testisodatetimeformat.testformat_weekdate,False,False
5764,16,joda-time,PeriodFormatter,org.joda.time.format.testperiodformatter.testwithgetlocalemethods,True,True
5783,16,joda-time,PeriodFormatterBuilder,org.joda.time.format.testperiodformatterbuilder.testmonthsandminutesareconsideredseparateandcaseisnotignored,False,False
5794,16,joda-time,DateTimeComparator,org.joda.time.testdatetimecomparator.testbasiccomps5,False,False
5807,16,joda-time,DateTimeFieldType,org.joda.time.testdatetimefieldtype.test_monthofyear,False,False
5819,16,joda-time,DateTimeZone,org.joda.time.testdatetimezone.testequalshashcode,True,True
5837,16,joda-time,Hours,org.joda.time.testhours.testaddtolocaldate,True,False
5854,16,joda-time,Months,org.joda.time.testmonths.testfactory_monthsbetween_rpartial_monthday,False,False
5868,16,joda-time,PeriodType,org.joda.time.testperiodtype.testyearweekdaytime,False,False
5872,16,joda-time,Seconds,org.joda.time.testseconds.testisgreaterthan,False,False
5876,16,joda-time,Weeks,org.joda.time.testweeks.testdividedby_int,False,False
5887,16,joda-time,Years,org.joda.time.testyears.testislessthan,False,False
5503,16,joda-time,CopticChronology,org.joda.time.chrono.testcopticchronology.testleap_5_13,True,False
5511,16,joda-time,EthiopicChronology,org.joda.time.chrono.testethiopicchronology.testsampledate,False,False
5514,16,joda-time,GJChronology,org.joda.time.chrono.testgjchronology.testgjchronology,True,True
5524,16,joda-time,IslamicChronology,org.joda.time.chrono.testislamicchronology.testwithzone,True,False
5527,16,joda-time,ISOChronology,org.joda.time.chrono.testisochronology.testwithutc,True,False
5542,16,joda-time,ConverterManager,org.joda.time.convert.testconvertermanager.testgetpartialconverterokmultiplematches,False,True
5549,16,joda-time,ConverterSet,org.joda.time.convert.testconverterset.testaddnullremoved1,False,False
5554,16,joda-time,DateConverter,org.joda.time.convert.testdateconverter.testgetpartialvalues,True,False
5560,16,joda-time,ReadableInstantConverter,org.joda.time.convert.testreadableinstantconverter.testgetchronology_object_chronology,False,True
5574,16,joda-time,StringConverter,org.joda.time.convert.teststringconverter.testgetinstantmillis_object_chronology,False,False
5576,16,joda-time,StringConverter,org.joda.time.convert.teststringconverter.testgetpartialvalues,True,False
5589,16,joda-time,BaseDateTimeField,org.joda.time.field.testbasedatetimefield.test_getasshorttext_rp_locale,False,False
5594,16,joda-time,BaseDateTimeField,org.joda.time.field.testbasedatetimefield.test_roundhalffloor_long,False,False
5628,16,joda-time,PreciseDateTimeField,org.joda.time.field.testprecisedatetimefield.test_isleap_long,False,False
5665,16,joda-time,DateTimeFormat,org.joda.time.format.testdatetimeformat.testformat_monthofyear,False,False
5667,16,joda-time,DateTimeFormat,org.joda.time.format.testdatetimeformat.testformat_second,False,False
5674,16,joda-time,DateTimeFormat,org.joda.time.format.testdatetimeformat.testformatparse_textmonthapr_france,False,False
5678,16,joda-time,DateTimeFormat,org.joda.time.format.testdatetimeformat.testformatparse_textmonthjanshort_france,False,False
5722,16,joda-time,DateTimeFormatterBuilder,org.joda.time.format.testdatetimeformatterbuilder.test_printparseoffsetandzone,False,False
5728,16,joda-time,DateTimeParserBucket,org.joda.time.format.testdatetimeparserbucket.testconstructor_3arg,False,False
5732,16,joda-time,ISODateTimeFormat,org.joda.time.format.testisodatetimeformat.testformat_basicdatetime,False,False
5739,16,joda-time,ISODateTimeFormat,org.joda.time.format.testisodatetimeformat.testformat_hourminutesecond,False,False
5748,16,joda-time,PeriodFormat,org.joda.time.format.testperiodformat.test_getdefault_cached,False,False
5776,16,joda-time,PeriodFormatterBuilder,org.joda.time.format.testperiodformatterbuilder.testformatprefixsimple5ignoringprefix,False,False
5786,16,joda-time,AbstractPartial,org.joda.time.testabstractpartial.testgetfieldtypes,True,False
5791,16,joda-time,Chronology,org.joda.time.testchronology.testequalshashcode_iso,False,False
5792,16,joda-time,DateTimeComparator,org.joda.time.testdatetimecomparator.testbasiccomps2,False,False
5801,16,joda-time,DateTimeConstants,org.joda.time.testdatetimeconstants.testconstructor,False,False
5805,16,joda-time,DateTimeFieldType,org.joda.time.testdatetimefieldtype.test_dayofmonth,False,False
5808,16,joda-time,DateTimeFieldType,org.joda.time.testdatetimefieldtype.test_secondofday,False,False
5831,16,joda-time,Days,org.joda.time.testdays.testfactory_parsedays_string,False,False
5838,16,joda-time,Hours,org.joda.time.testhours.testfactory_standardhoursin_rperiod,False,False
5843,16,joda-time,Hours,org.joda.time.testhours.testserialization,True,False
5844,16,joda-time,IllegalFieldValueException,org.joda.time.testillegalfieldvalueexception.testzonetransition,False,False
5850,16,joda-time,Minutes,org.joda.time.testminutes.testnegated,False,False
5870,16,joda-time,Seconds,org.joda.time.testseconds.testfactory_parseseconds_string,False,False
5879,16,joda-time,Weeks,org.joda.time.testweeks.testislessthan,False,False
5882,16,joda-time,Years,org.joda.time.testyears.testdividedby_int,False,False
5497,16,joda-time,BuddhistChronology,org.joda.time.chrono.testbuddhistchronology.testdatefields,True,False
5515,16,joda-time,GJChronology,org.joda.time.chrono.testgjchronology.testillegaldates,True,False
5521,16,joda-time,IslamicChronology,org.joda.time.chrono.testislamicchronology.testfieldconstructor,True,False
5532,16,joda-time,LenientChronology,org.joda.time.chrono.testlenientchronology.test_strictchrononolgy_chicago,True,False
5537,16,joda-time,ConverterManager,org.joda.time.convert.testconvertermanager.testgetdurationconverter,False,True
5545,16,joda-time,ConverterManager,org.joda.time.convert.testconvertermanager.testremovedurationconverter3,True,False
5581,16,joda-time,StringConverter,org.joda.time.convert.teststringconverter.testsetintoperiod_object5,False,False
5590,16,joda-time,BaseDateTimeField,org.joda.time.field.testbasedatetimefield.test_getastext_long,False,False
5603,16,joda-time,MillisDurationField,org.joda.time.field.testmillisdurationfield.test_getunitmillis,False,False
5610,16,joda-time,OffsetDateTimeField,org.joda.time.field.testoffsetdatetimefield.test_getasshorttext_rp_locale,False,False
5612,16,joda-time,OffsetDateTimeField,org.joda.time.field.testoffsetdatetimefield.test_getmaximumtextlength_locale,False,False
5625,16,joda-time,PreciseDateTimeField,org.joda.time.field.testprecisedatetimefield.test_getmaximumshorttextlength_locale,False,False
5632,16,joda-time,PreciseDurationDateTimeField,org.joda.time.field.testprecisedurationdatetimefield.test_get,False,False
5637,16,joda-time,PreciseDurationDateTimeField,org.joda.time.field.testprecisedurationdatetimefield.test_getmaximumvalue_rp,False,True
5647,16,joda-time,PreciseDurationField,org.joda.time.field.testprecisedurationfield.test_getmillis_int_long,False,False
5663,16,joda-time,DateTimeFormat,org.joda.time.format.testdatetimeformat.testformat_dayofyeartext,False,False
5668,16,joda-time,DateTimeFormat,org.joda.time.format.testdatetimeformat.testformat_weekyear,False,False
5676,16,joda-time,DateTimeFormat,org.joda.time.format.testdatetimeformat.testformatparse_textmonthjanlonglowercase_uk,False,False
5685,16,joda-time,DateTimeFormatter,org.joda.time.format.testdatetimeformatter.testparseinto_monthday_withdefaultyear_feb29,False,False
5693,16,joda-time,DateTimeFormatter,org.joda.time.format.testdatetimeformatter.testparselocaldate_simple,False,False
5697,16,joda-time,DateTimeFormatter,org.joda.time.format.testdatetimeformatter.testparsemutabledatetime_simple_precedence,False,False
5710,16,joda-time,DateTimeFormatterBuilder,org.joda.time.format.testdatetimeformatterbuilder.test_appendtimezoneid,False,False
5724,16,joda-time,DateTimeFormatterBuilder,org.joda.time.format.testdatetimeformatterbuilder.test_printparsezonedawson_suffix,False,False
5735,16,joda-time,ISODateTimeFormat,org.joda.time.format.testisodatetimeformat.testformat_basictime,False,False
5736,16,joda-time,ISODateTimeFormat,org.joda.time.format.testisodatetimeformat.testformat_basictimenomillis,False,False
5743,16,joda-time,ISODateTimeFormat,org.joda.time.format.testisodatetimeformat.testformat_ttimenomillis,False,False
5749,16,joda-time,PeriodFormat,org.joda.time.format.testperiodformat.test_getdefault_formattwofields,False,False
5753,16,joda-time,PeriodFormat,org.joda.time.format.testperiodformat.test_wordbased_fr_cached,False,False
5763,16,joda-time,PeriodFormatter,org.joda.time.format.testperiodformatter.testprint_buffermethods,True,False
5765,16,joda-time,PeriodFormatterBuilder,org.joda.time.format.testperiodformatterbuilder.testappendliteralthrowsillegalargumentexception,False,False
5768,16,joda-time,PeriodFormatterBuilder,org.joda.time.format.testperiodformatterbuilder.testformatappend_printerparser_printer_null_null_parser,False,False
5771,16,joda-time,PeriodFormatterBuilder,org.joda.time.format.testperiodformatterbuilder.testformathours,False,False
5784,16,joda-time,PeriodFormatterBuilder,org.joda.time.format.testperiodformatterbuilder.testtoformatterprinterparser,True,False
5787,16,joda-time,BaseSingleFieldPeriod,org.joda.time.testbasesinglefieldperiod.testfactory_between_rinstant,True,False
5790,16,joda-time,BaseSingleFieldPeriod,org.joda.time.testbasesinglefieldperiod.testvalueindexmethods,False,False
5797,16,joda-time,DateTimeComparator,org.joda.time.testdatetimecomparator.testlistyoyy,True,False
5820,16,joda-time,DateTimeZone,org.joda.time.testdatetimezone.testforid_string,False,False
5835,16,joda-time,Days,org.joda.time.testdays.testtostandardhours,True,False
5839,16,joda-time,Hours,org.joda.time.testhours.testgetmethods,False,False
5841,16,joda-time,Hours,org.joda.time.testhours.testmultipliedby_int,False,False
5846,16,joda-time,Minutes,org.joda.time.testminutes.testfactory_standardminutesin_rperiod,False,False
5863,16,joda-time,PeriodType,org.joda.time.testperiodtype.testmaskmonths,False,False
5877,16,joda-time,Weeks,org.joda.time.testweeks.testgetmethods,False,False
5878,16,joda-time,Weeks,org.joda.time.testweeks.testisgreaterthan,False,False
5890,16,joda-time,ZoneInfoCompiler,org.joda.time.tz.testzoneinfocompiler.testparseyearandparseyearreturningpositiveandparseyearwithnegative,False,False
5501,16,joda-time,CopticChronology,org.joda.time.chrono.testcopticchronology.testequality,False,False
5507,16,joda-time,CopticChronology,org.joda.time.chrono.testcopticchronology.testwithzone,False,False
5512,16,joda-time,EthiopicChronology,org.joda.time.chrono.testethiopicchronology.testtostring,False,False
5538,16,joda-time,ConverterManager,org.joda.time.convert.testconvertermanager.testgetdurationconverters,True,False
5546,16,joda-time,ConverterManager,org.joda.time.convert.testconvertermanager.testremoveinstantconverter1,True,False
5551,16,joda-time,DateConverter,org.joda.time.convert.testdateconverter.testgetchronology_object_chronology,False,False
5556,16,joda-time,NullConverter,org.joda.time.convert.testnullconverter.testsetinto_object_chronology2,False,False
5577,16,joda-time,StringConverter,org.joda.time.convert.teststringconverter.testgetperiodtype_object,True,False
5608,16,joda-time,MillisDurationField,org.joda.time.field.testmillisdurationfield.testserialization,True,False
5621,16,joda-time,PreciseDateTimeField,org.joda.time.field.testprecisedatetimefield.test_getasshorttext_rp_locale,False,False
5635,16,joda-time,PreciseDurationDateTimeField,org.joda.time.field.testprecisedurationdatetimefield.test_getastext_int_locale,False,False
5636,16,joda-time,PreciseDurationDateTimeField,org.joda.time.field.testprecisedurationdatetimefield.test_getdifferenceaslong_long_long,False,False
5639,16,joda-time,PreciseDurationDateTimeField,org.joda.time.field.testprecisedurationdatetimefield.test_getminimumvalue_rp_intarray,False,False
5645,16,joda-time,PreciseDurationDateTimeField,org.joda.time.field.testprecisedurationdatetimefield.test_set_long_string,False,False
5654,16,joda-time,ScaledDurationField,org.joda.time.field.testscaleddurationfield.test_getscalar,False,False
5656,16,joda-time,ScaledDurationField,org.joda.time.field.testscaleddurationfield.test_getvalue_long_long,False,False
5658,16,joda-time,UnsupportedDateTimeField,org.joda.time.field.testunsupporteddatetimefield.testalwaysfalsereturntypes,False,False
5662,16,joda-time,DateTimeFormat,org.joda.time.format.testdatetimeformat.testformat_dayofweekshorttext,False,False
5664,16,joda-time,DateTimeFormat,org.joda.time.format.testdatetimeformat.testformat_hourofday,False,False
5682,16,joda-time,DateTimeFormatter,org.joda.time.format.testdatetimeformatter.testparsedatetime_simple,False,False
5684,16,joda-time,DateTimeFormatter,org.joda.time.format.testdatetimeformatter.testparseinto_monthday_feb29_newyork_startofyear,False,False
5700,16,joda-time,DateTimeFormatter,org.joda.time.format.testdatetimeformatter.testparsemutabledatetime_zone3,False,False
5715,16,joda-time,DateTimeFormatterBuilder,org.joda.time.format.testdatetimeformatterbuilder.test_appendtimezoneoffset_print_min3max3,False,False
5729,16,joda-time,DateTimeParserBucket,org.joda.time.format.testdatetimeparserbucket.testparse,False,False
5730,16,joda-time,DateTimeParserBucket,org.joda.time.format.testdatetimeparserbucket.testsaverestorestate,False,False
5754,16,joda-time,PeriodFormat,org.joda.time.format.testperiodformat.test_wordbased_fr_formattwofields,False,False
5762,16,joda-time,PeriodFormatter,org.joda.time.format.testperiodformatter.testparseperiod_parsetype,True,False
5767,16,joda-time,PeriodFormatterBuilder,org.joda.time.format.testperiodformatterbuilder.testformatappend_printerparser_printer_null,False,False
5770,16,joda-time,PeriodFormatterBuilder,org.joda.time.format.testperiodformatterbuilder.testformatdays,False,False
5773,16,joda-time,PeriodFormatterBuilder,org.joda.time.format.testperiodformatterbuilder.testformatmindigits,False,False
5780,16,joda-time,PeriodFormatterBuilder,org.joda.time.format.testperiodformatterbuilder.testformatsuffixcomposite1,False,False
5800,16,joda-time,DateTimeComparator,org.joda.time.testdatetimecomparator.testwow,False,False
5817,16,joda-time,DateTimeZone,org.joda.time.testdatetimezone.testconstructor,True,False
5828,16,joda-time,DateTimeZone,org.joda.time.testdatetimezone.testpatchednamekeyssydneyhistoric,False,True
5833,16,joda-time,Days,org.joda.time.testdays.testminus_int,False,False
5834,16,joda-time,Days,org.joda.time.testdays.testnegated,False,False
5842,16,joda-time,Hours,org.joda.time.testhours.testplus_int,False,False
5848,16,joda-time,Minutes,org.joda.time.testminutes.testgetmethods,False,False
5851,16,joda-time,Minutes,org.joda.time.testminutes.testplus_minutes,False,False
5855,16,joda-time,Months,org.joda.time.testmonths.testislessthan,False,False
5856,16,joda-time,Months,org.joda.time.testmonths.testtostring,False,False
5858,16,joda-time,PeriodType,org.joda.time.testperiodtype.testforfields5,False,False
5859,16,joda-time,PeriodType,org.joda.time.testperiodtype.testforfields6,False,False
5865,16,joda-time,PeriodType,org.joda.time.testperiodtype.testmillis,False,False
5875,16,joda-time,Seconds,org.joda.time.testseconds.testtostandarddays,True,False
5881,16,joda-time,Years,org.joda.time.testyears.testconstants,False,False
5884,16,joda-time,Years,org.joda.time.testyears.testfactory_yearsbetween_rpartial,False,False
5886,16,joda-time,Years,org.joda.time.testyears.testisgreaterthan,False,False
5508,16,joda-time,EthiopicChronology,org.joda.time.chrono.testethiopicchronology.testequality,False,False
5530,16,joda-time,LenientChronology,org.joda.time.chrono.testlenientchronology.test_sethourofday,False,False
5557,16,joda-time,NullConverter,org.joda.time.convert.testnullconverter.testsupportedtype,False,False
5563,16,joda-time,ReadableIntervalConverter,org.joda.time.convert.testreadableintervalconverter.testsetintointerval_object3,False,True
5566,16,joda-time,ReadableIntervalConverter,org.joda.time.convert.testreadableintervalconverter.testsetintoperiod_object2,False,False
5570,16,joda-time,StringConverter,org.joda.time.convert.teststringconverter.testgetdatetime3,False,False
5572,16,joda-time,StringConverter,org.joda.time.convert.teststringconverter.testgetdurationmillis_object1,True,False
5638,16,joda-time,PreciseDurationDateTimeField,org.joda.time.field.testprecisedurationdatetimefield.test_getminimumvalue_long,False,False
5644,16,joda-time,PreciseDurationDateTimeField,org.joda.time.field.testprecisedurationdatetimefield.test_roundhalffloor_long,False,False
5650,16,joda-time,ScaledDurationField,org.joda.time.field.testscaleddurationfield.test_constructor,True,False
5651,16,joda-time,ScaledDurationField,org.joda.time.field.testscaleddurationfield.test_getdifference_long_int,False,False
5652,16,joda-time,ScaledDurationField,org.joda.time.field.testscaleddurationfield.test_getdifferenceaslong_long_long,False,False
5673,16,joda-time,DateTimeFormat,org.joda.time.format.testdatetimeformat.testformatparse_texterabc_france,False,False
5677,16,joda-time,DateTimeFormat,org.joda.time.format.testdatetimeformat.testformatparse_textmonthjanlonguppercase_uk,False,False
5690,16,joda-time,DateTimeFormatter,org.joda.time.format.testdatetimeformatter.testparseinto_simple_precedence,False,False
5704,16,joda-time,DateTimeFormatter,org.joda.time.format.testdatetimeformatter.testzonenameneartransition,False,False
5737,16,joda-time,ISODateTimeFormat,org.joda.time.format.testisodatetimeformat.testformat_basicttime,False,False
5752,16,joda-time,PeriodFormat,org.joda.time.format.testperiodformat.test_wordbased_es_formatonefield,False,False
5755,16,joda-time,PeriodFormat,org.joda.time.format.testperiodformat.test_wordbased_fr_from_nl,False,False
5758,16,joda-time,PeriodFormat,org.joda.time.format.testperiodformat.test_wordbased_nl_formatonefield,False,False
5795,16,joda-time,DateTimeComparator,org.joda.time.testdatetimecomparator.testinvalidobj,True,True
5806,16,joda-time,DateTimeFieldType,org.joda.time.testdatetimefieldtype.test_millisofday,False,False
5810,16,joda-time,DateTimeFieldType,org.joda.time.testdatetimefieldtype.test_weekyearofcentury,False,False
5812,16,joda-time,DateTimeFieldType,org.joda.time.testdatetimefieldtype.test_yearofcentury,False,False
5814,16,joda-time,DateTimeUtils,org.joda.time.testdatetimeutils.testgetdurationmillis_ri,True,False
5818,16,joda-time,DateTimeZone,org.joda.time.testdatetimezone.testdefault,True,False
5860,16,joda-time,PeriodType,org.joda.time.testperiodtype.testissupported,False,False
5504,16,joda-time,CopticChronology,org.joda.time.chrono.testcopticchronology.testleap_6_13,True,False
5509,16,joda-time,EthiopicChronology,org.joda.time.chrono.testethiopicchronology.testera,True,False
5510,16,joda-time,EthiopicChronology,org.joda.time.chrono.testethiopicchronology.testfactory,False,False
5516,16,joda-time,GJChronology,org.joda.time.chrono.testgjchronology.testleap_28feb,True,False
5525,16,joda-time,ISOChronology,org.joda.time.chrono.testisochronology.testleap_28feb,True,False
5528,16,joda-time,JulianChronology,org.joda.time.chrono.testjulianchronology.testfactory_zone_int,False,False
5541,16,joda-time,ConverterManager,org.joda.time.convert.testconvertermanager.testgetintervalconverterremovednull,False,False
5568,16,joda-time,ReadablePeriodConverter,org.joda.time.convert.testreadableperiodconverter.testtostring,True,False
5586,16,joda-time,BaseDateTimeField,org.joda.time.field.testbasedatetimefield.test_get,False,False
5591,16,joda-time,BaseDateTimeField,org.joda.time.field.testbasedatetimefield.test_getmaximumvalue_long,False,True
5596,16,joda-time,BaseDateTimeField,org.joda.time.field.testbasedatetimefield.test_set_rp_int_intarray_string_locale,True,False
5606,16,joda-time,MillisDurationField,org.joda.time.field.testmillisdurationfield.test_getvalueaslong_long_long,False,False
5611,16,joda-time,OffsetDateTimeField,org.joda.time.field.testoffsetdatetimefield.test_getleapdurationfield,False,False
5614,16,joda-time,OffsetDateTimeField,org.joda.time.field.testoffsetdatetimefield.test_islenient,False,False
5618,16,joda-time,OffsetDateTimeField,org.joda.time.field.testoffsetdatetimefield.test_set_rp_int_intarray_string_locale,True,False
5619,16,joda-time,PreciseDateTimeField,org.joda.time.field.testprecisedatetimefield.test_constructor,False,False
5623,16,joda-time,PreciseDateTimeField,org.joda.time.field.testprecisedatetimefield.test_getastext_long_locale,False,False
5631,16,joda-time,PreciseDurationDateTimeField,org.joda.time.field.testprecisedurationdatetimefield.test_addwrapfield_rp_int_intarray_int,False,False
5634,16,joda-time,PreciseDurationDateTimeField,org.joda.time.field.testprecisedurationdatetimefield.test_getasshorttext_long,False,False
5640,16,joda-time,PreciseDurationDateTimeField,org.joda.time.field.testprecisedurationdatetimefield.test_getname,False,False
5641,16,joda-time,PreciseDurationDateTimeField,org.joda.time.field.testprecisedurationdatetimefield.test_gettype,False,False
5653,16,joda-time,ScaledDurationField,org.joda.time.field.testscaleddurationfield.test_getmillis_long_long,False,False
5660,16,joda-time,UnsupportedDateTimeField,org.joda.time.field.testunsupporteddatetimefield.testtostring,False,False
5669,16,joda-time,DateTimeFormat,org.joda.time.format.testdatetimeformat.testformat_year_twodigit,False,False
5671,16,joda-time,DateTimeFormat,org.joda.time.format.testdatetimeformat.testformatparse_textadjoininghelloworld_uk,False,False
5689,16,joda-time,DateTimeFormatter,org.joda.time.format.testdatetimeformatter.testparseinto_simple,False,False
5694,16,joda-time,DateTimeFormatter,org.joda.time.format.testdatetimeformatter.testparselocaldate_weekyear_month_week_2012,False,False
5695,16,joda-time,DateTimeFormatter,org.joda.time.format.testdatetimeformatter.testparselocaldate_year_month_week_2010,False,False
5699,16,joda-time,DateTimeFormatter,org.joda.time.format.testdatetimeformatter.testparsemutabledatetime_zone2,False,False
5713,16,joda-time,DateTimeFormatterBuilder,org.joda.time.format.testdatetimeformatterbuilder.test_appendtimezoneoffset_print_min1max3,False,False
5714,16,joda-time,DateTimeFormatterBuilder,org.joda.time.format.testdatetimeformatterbuilder.test_appendtimezoneoffset_print_min2max3,False,False
5718,16,joda-time,DateTimeFormatterBuilder,org.joda.time.format.testdatetimeformatterbuilder.test_localprintparseoffsetandzone,False,False
5777,16,joda-time,PeriodFormatterBuilder,org.joda.time.format.testperiodformatterbuilder.testformatprefixsuffix,False,False
5779,16,joda-time,PeriodFormatterBuilder,org.joda.time.format.testperiodformatterbuilder.testformatsecondswithoptionalmillis,False,False
5813,16,joda-time,DateTimeFieldType,org.joda.time.testdatetimefieldtype.test_yearofera,False,False
5825,16,joda-time,DateTimeZone,org.joda.time.testdatetimezone.testgetshortname_berlin,True,False
5845,16,joda-time,Minutes,org.joda.time.testminutes.testconstants,False,False
5849,16,joda-time,Minutes,org.joda.time.testminutes.testgetperiodtype,False,False
5862,16,joda-time,PeriodType,org.joda.time.testperiodtype.testmaskminutes,False,False
5871,16,joda-time,Seconds,org.joda.time.testseconds.testgetfieldtype,False,False
5885,16,joda-time,Years,org.joda.time.testyears.testfactory_yearsin_rinterval,False,False
5889,16,joda-time,UTCProvider,org.joda.time.tz.testutcprovider.testgetavailableids,True,False
5891,16,joda-time,ZoneInfoCompiler,org.joda.time.tz.testzoneinfocompiler.testparsezonecharfive,False,False
5517,16,joda-time,GJChronology,org.joda.time.chrono.testgjchronology.testtimefields,True,False
5522,16,joda-time,IslamicChronology,org.joda.time.chrono.testislamicchronology.testtostring,False,False
5531,16,joda-time,LenientChronology,org.joda.time.chrono.testlenientchronology.test_setyear,False,False
5536,16,joda-time,ConverterManager,org.joda.time.convert.testconvertermanager.testaddperiodconverter3,True,False
5552,16,joda-time,DateConverter,org.joda.time.convert.testdateconverter.testgetchronology_object_zone,False,False
5553,16,joda-time,DateConverter,org.joda.time.convert.testdateconverter.testgetinstantmillis_object_chronology,False,False
5562,16,joda-time,ReadableInstantConverter,org.joda.time.convert.testreadableinstantconverter.testsupportedtype,True,False
5567,16,joda-time,ReadablePartialConverter,org.joda.time.convert.testreadablepartialconverter.testsingleton,True,False
5602,16,joda-time,MillisDurationField,org.joda.time.field.testmillisdurationfield.test_getname,False,False
5615,16,joda-time,OffsetDateTimeField,org.joda.time.field.testoffsetdatetimefield.test_issupported,False,False
5629,16,joda-time,PreciseDateTimeField,org.joda.time.field.testprecisedatetimefield.test_set_rp_int_intarray_string_locale,True,False
5648,16,joda-time,PreciseDurationField,org.joda.time.field.testprecisedurationfield.test_getvalueaslong_long,False,False
5657,16,joda-time,ScaledDurationField,org.joda.time.field.testscaleddurationfield.test_getvalueaslong_long_long,False,False
5679,16,joda-time,DateTimeFormat,org.joda.time.format.testdatetimeformat.testformatparse_textyear_uk,False,False
5705,16,joda-time,DateTimeFormatter,org.joda.time.format.testdatetimeformatter.testzoneshortnameneartransition,False,False
5707,16,joda-time,DateTimeFormatterBuilder,org.joda.time.format.testdatetimeformatterbuilder.test_append_printer,False,False
5708,16,joda-time,DateTimeFormatterBuilder,org.joda.time.format.testdatetimeformatterbuilder.test_appendfixedsigneddecimal,False,False
5719,16,joda-time,DateTimeFormatterBuilder,org.joda.time.format.testdatetimeformatterbuilder.test_localprintparsezonetokyo,False,False
5720,16,joda-time,DateTimeFormatterBuilder,org.joda.time.format.testdatetimeformatterbuilder.test_printparselongname,False,False
5738,16,joda-time,ISODateTimeFormat,org.joda.time.format.testisodatetimeformat.testformat_hour,False,False
5742,16,joda-time,ISODateTimeFormat,org.joda.time.format.testisodatetimeformat.testformat_ordinaldate,False,False
5751,16,joda-time,PeriodFormat,org.joda.time.format.testperiodformat.test_wordbased_de_parsetwofields,False,False
5757,16,joda-time,PeriodFormat,org.joda.time.format.testperiodformat.test_wordbased_localevalue,False,False
5789,16,joda-time,BaseSingleFieldPeriod,org.joda.time.testbasesinglefieldperiod.testfieldtypeindexmethods,False,False
5804,16,joda-time,DateTimeConstants,org.joda.time.testdatetimeconstants.testmonthsofyear,False,False
5815,16,joda-time,DateTimeUtils,org.joda.time.testdatetimeutils.testgetzone_zone,True,False
5822,16,joda-time,DateTimeZone,org.joda.time.testdatetimezone.testfortimezone_timezone,False,True
5826,16,joda-time,DateTimeZone,org.joda.time.testdatetimezone.testgetshortnamenullkey,False,False
5832,16,joda-time,Days,org.joda.time.testdays.testislessthan,False,False
5852,16,joda-time,Minutes,org.joda.time.testminutes.testtostring,False,False
5866,16,joda-time,PeriodType,org.joda.time.testperiodtype.teststandard,False,False
5869,16,joda-time,Seconds,org.joda.time.testseconds.testaddtolocaldate,True,False
5888,16,joda-time,Years,org.joda.time.testyears.testserialization,True,False
5499,16,joda-time,BuddhistChronology,org.joda.time.chrono.testbuddhistchronology.testkeyyears,True,False
5505,16,joda-time,CopticChronology,org.joda.time.chrono.testcopticchronology.testsampledate,False,False
5519,16,joda-time,GregorianChronology,org.joda.time.chrono.testgregorianchronology.testfactory_zone_int,False,False
5526,16,joda-time,ISOChronology,org.joda.time.chrono.testisochronology.testmaximumvalue,True,False
5535,16,joda-time,ConverterManager,org.joda.time.convert.testconvertermanager.testaddinstantconverter1,False,True
5561,16,joda-time,ReadableInstantConverter,org.joda.time.convert.testreadableinstantconverter.testsingleton,True,False
5565,16,joda-time,ReadableIntervalConverter,org.joda.time.convert.testreadableintervalconverter.testsetintoperiod_object1,False,False
5573,16,joda-time,StringConverter,org.joda.time.convert.teststringconverter.testgetinstantmillis_object,True,False
5578,16,joda-time,StringConverter,org.joda.time.convert.teststringconverter.testsetintointerval_object_chronology1,False,False
5583,16,joda-time,StringConverter,org.joda.time.convert.teststringconverter.testsetintoperiod_object7,False,False
5585,16,joda-time,BaseDateTimeField,org.joda.time.field.testbasedatetimefield.test_addwrapfield_rp_int_intarray_int,False,False
5601,16,joda-time,MillisDurationField,org.joda.time.field.testmillisdurationfield.test_getmillis_int_long,False,False
5604,16,joda-time,MillisDurationField,org.joda.time.field.testmillisdurationfield.test_getvalue_long_long,False,False
5609,16,joda-time,OffsetDateTimeField,org.joda.time.field.testoffsetdatetimefield.test_add_long_int,False,False
5617,16,joda-time,OffsetDateTimeField,org.joda.time.field.testoffsetdatetimefield.test_roundhalfeven_long,False,False
5666,16,joda-time,DateTimeFormat,org.joda.time.format.testdatetimeformat.testformat_monthofyearshorttext,False,False
5670,16,joda-time,DateTimeFormat,org.joda.time.format.testdatetimeformat.testformat_zonelongtext,False,False
5688,16,joda-time,DateTimeFormatter,org.joda.time.format.testdatetimeformatter.testparseinto_offsetparsed,False,False
5692,16,joda-time,DateTimeFormatter,org.joda.time.format.testdatetimeformatter.testparselocaldate_monthday_feb29,False,False
5696,16,joda-time,DateTimeFormatter,org.joda.time.format.testdatetimeformatter.testparsemutabledatetime_chrono,False,False
5706,16,joda-time,DateTimeFormatterBuilder,org.joda.time.format.testdatetimeformatterbuilder.test_append_nullprinter_parser,False,False
5727,16,joda-time,DateTimeFormatterBuilder,org.joda.time.format.testdatetimeformatterbuilder.test_printparsezoneetcgmt_suffix,False,False
5741,16,joda-time,ISODateTimeFormat,org.joda.time.format.testisodatetimeformat.testformat_hourminutesecondmillis,False,False
5747,16,joda-time,ISOPeriodFormat,org.joda.time.format.testisoperiodformat.testformatalternatewithweeks,False,False
5761,16,joda-time,PeriodFormat,org.joda.time.format.testperiodformat.test_wordbased_pt_formattwofields,False,False
5766,16,joda-time,PeriodFormatterBuilder,org.joda.time.format.testperiodformatterbuilder.testbug2495455,True,False
5769,16,joda-time,PeriodFormatterBuilder,org.joda.time.format.testperiodformatterbuilder.testformatappend_printerparserthenclear,False,False
5778,16,joda-time,PeriodFormatterBuilder,org.joda.time.format.testperiodformatterbuilder.testformatprintzerorarelylast,False,False
5788,16,joda-time,BaseSingleFieldPeriod,org.joda.time.testbasesinglefieldperiod.testfactory_standardperiodin_rperiod,True,False
5796,16,joda-time,DateTimeComparator,org.joda.time.testdatetimecomparator.testlistmillis,False,True
5803,16,joda-time,DateTimeConstants,org.joda.time.testdatetimeconstants.testmaths,False,False
5830,16,joda-time,Days,org.joda.time.testdays.testaddtolocaldate,True,False
5840,16,joda-time,Hours,org.joda.time.testhours.testisgreaterthan,False,False
5857,16,joda-time,PeriodType,org.joda.time.testperiodtype.testforfields1,False,False
5864,16,joda-time,PeriodType,org.joda.time.testperiodtype.testmasktwice1,False,False
5880,16,joda-time,Weeks,org.joda.time.testweeks.testtostandardhours,False,False
5500,16,joda-time,CopticChronology,org.joda.time.chrono.testcopticchronology.testepoch,True,False
5502,16,joda-time,CopticChronology,org.joda.time.chrono.testcopticchronology.testfactoryutc,False,False
5513,16,joda-time,GJChronology,org.joda.time.chrono.testgjchronology.testcutoveraddweeks,True,True
5533,16,joda-time,CalendarConverter,org.joda.time.convert.testcalendarconverter.testgetchronology_object_nullchronology,False,False
5534,16,joda-time,CalendarConverter,org.joda.time.convert.testcalendarconverter.testgetpartialvalues,True,False
5547,16,joda-time,ConverterManager,org.joda.time.convert.testconvertermanager.testremoveinstantconverter3,True,False
5548,16,joda-time,ConverterManager,org.joda.time.convert.testconvertermanager.testremoveintervalconvertersecurity,True,False
5555,16,joda-time,LongConverter,org.joda.time.convert.testlongconverter.testgetpartialvalues,True,False
5558,16,joda-time,NullConverter,org.joda.time.convert.testnullconverter.testtostring,True,False
5579,16,joda-time,StringConverter,org.joda.time.convert.teststringconverter.testsetintointerval_object_chronology8,False,False
5605,16,joda-time,MillisDurationField,org.joda.time.field.testmillisdurationfield.test_getvalueaslong_long,False,False
5607,16,joda-time,MillisDurationField,org.joda.time.field.testmillisdurationfield.testmillisdurationfield,True,False
5620,16,joda-time,PreciseDateTimeField,org.joda.time.field.testprecisedatetimefield.test_converttext,False,False
5622,16,joda-time,PreciseDateTimeField,org.joda.time.field.testprecisedatetimefield.test_getastext_long,False,False
5661,16,joda-time,DateTimeFormat,org.joda.time.format.testdatetimeformat.testformat_dayofweek,False,False
5672,16,joda-time,DateTimeFormat,org.joda.time.format.testdatetimeformat.testformatparse_texteraad_uk,False,False
5680,16,joda-time,DateTimeFormat,org.joda.time.format.testdatetimeformat.testformatparse_zoneid_nocolon,False,False
5681,16,joda-time,DateTimeFormat,org.joda.time.format.testdatetimeformat.testparse_pivotyear,False,False
5683,16,joda-time,DateTimeFormatter,org.joda.time.format.testdatetimeformatter.testparseinto_monthday_feb29,False,False
5698,16,joda-time,DateTimeFormatter,org.joda.time.format.testdatetimeformatter.testparsemutabledatetime_zone,False,False
5703,16,joda-time,DateTimeFormatter,org.joda.time.format.testdatetimeformatter.testwithgetchronology,True,False
5712,16,joda-time,DateTimeFormatterBuilder,org.joda.time.format.testdatetimeformatterbuilder.test_appendtimezoneoffset_print_min1max1,False,False
5721,16,joda-time,DateTimeFormatterBuilder,org.joda.time.format.testdatetimeformatterbuilder.test_printparseoffset,False,False
5725,16,joda-time,DateTimeFormatterBuilder,org.joda.time.format.testdatetimeformatterbuilder.test_printparsezoneetcgmt10,False,False
5726,16,joda-time,DateTimeFormatterBuilder,org.joda.time.format.testdatetimeformatterbuilder.test_printparsezoneetcgmt1_suffix,False,False
5731,16,joda-time,DateTimeParserBucket,org.joda.time.format.testdatetimeparserbucket.testsaverestorestate_samestates,False,False
5745,16,joda-time,ISODateTimeFormat,org.joda.time.format.testisodatetimeformat.testformat_weekyearweekday,False,False
5746,16,joda-time,ISODateTimeFormat,org.joda.time.format.testisodatetimeformat.testformat_yearmonthday,False,False
5750,16,joda-time,PeriodFormat,org.joda.time.format.testperiodformat.test_wordbased_de_formattwofields,False,False
5759,16,joda-time,PeriodFormat,org.joda.time.format.testperiodformat.test_wordbased_pl_checkredundantseparator,False,False
5760,16,joda-time,PeriodFormat,org.joda.time.format.testperiodformat.test_wordbased_pl_formatonefield,False,False
5774,16,joda-time,PeriodFormatterBuilder,org.joda.time.format.testperiodformatterbuilder.testformatprefixregex1,False,False
5775,16,joda-time,PeriodFormatterBuilder,org.joda.time.format.testperiodformatterbuilder.testformatprefixregex2,False,False
5781,16,joda-time,PeriodFormatterBuilder,org.joda.time.format.testperiodformatterbuilder.testformatsuffixplural2,False,False
5782,16,joda-time,PeriodFormatterBuilder,org.joda.time.format.testperiodformatterbuilder.testformatweeks,False,False
5799,16,joda-time,DateTimeComparator,org.joda.time.testdatetimecomparator.testserialization2,True,False
5811,16,joda-time,DateTimeFieldType,org.joda.time.testdatetimefieldtype.test_year,False,False
5821,16,joda-time,DateTimeZone,org.joda.time.testdatetimezone.testforid_string_old,True,True
5823,16,joda-time,DateTimeZone,org.joda.time.testdatetimezone.testgetname,False,False
5824,16,joda-time,DateTimeZone,org.joda.time.testdatetimezone.testgetnameprovidername,True,False
5827,16,joda-time,DateTimeZone,org.joda.time.testdatetimezone.testnameprovider,True,False
5829,16,joda-time,DateTimeZone,org.joda.time.testdatetimezone.testprovider_badclassname,True,False
5836,16,joda-time,DurationFieldType,org.joda.time.testdurationfieldtype.test_halfdays,False,False
5847,16,joda-time,Minutes,org.joda.time.testminutes.testgetfieldtype,False,False
5861,16,joda-time,PeriodType,org.joda.time.testperiodtype.testmaskdays,False,False
5867,16,joda-time,PeriodType,org.joda.time.testperiodtype.testyearmonthdaytime,False,False
5873,16,joda-time,Seconds,org.joda.time.testseconds.testislessthan,False,False
5883,16,joda-time,Years,org.joda.time.testyears.testfactory_years_int,False,False
5506,16,joda-time,CopticChronology,org.joda.time.chrono.testcopticchronology.testtostring,False,False
5523,16,joda-time,IslamicChronology,org.joda.time.chrono.testislamicchronology.testwithutc,True,False
5540,16,joda-time,ConverterManager,org.joda.time.convert.testconvertermanager.testgetinstantconverters,True,False
5543,16,joda-time,ConverterManager,org.joda.time.convert.testconvertermanager.testgetperiodconverters,True,False
5564,16,joda-time,ReadableIntervalConverter,org.joda.time.convert.testreadableintervalconverter.testsetintointerval_object4,False,True
5569,16,joda-time,StringConverter,org.joda.time.convert.teststringconverter.testgetchronology_object_chronology,False,False
5571,16,joda-time,StringConverter,org.joda.time.convert.teststringconverter.testgetdatetime4,False,False
5575,16,joda-time,StringConverter,org.joda.time.convert.teststringconverter.testgetinstantmillis_object_zone,True,False
5580,16,joda-time,StringConverter,org.joda.time.convert.teststringconverter.testsetintointervalex_object_chronology2,True,False
5582,16,joda-time,StringConverter,org.joda.time.convert.teststringconverter.testsetintoperiod_object6,False,False
5584,16,joda-time,StringConverter,org.joda.time.convert.teststringconverter.testsingleton,True,False
5587,16,joda-time,BaseDateTimeField,org.joda.time.field.testbasedatetimefield.test_getasshorttext_long,False,False
5588,16,joda-time,BaseDateTimeField,org.joda.time.field.testbasedatetimefield.test_getasshorttext_long_locale,False,False
5593,16,joda-time,BaseDateTimeField,org.joda.time.field.testbasedatetimefield.test_issupported,False,False
5595,16,joda-time,BaseDateTimeField,org.joda.time.field.testbasedatetimefield.test_set_rp_int_intarray_int,True,False
5597,16,joda-time,BaseDateTimeField,org.joda.time.field.testbasedatetimefield.testbasedatetimefield,True,False
5598,16,joda-time,FieldUtils,org.joda.time.field.testfieldutils.testsafedivideroundingmodelong,False,False
5600,16,joda-time,MillisDurationField,org.joda.time.field.testmillisdurationfield.test_add_long_int,False,False
5616,16,joda-time,OffsetDateTimeField,org.joda.time.field.testoffsetdatetimefield.test_roundceiling_long,False,False
5626,16,joda-time,PreciseDateTimeField,org.joda.time.field.testprecisedatetimefield.test_getmaximumvalue,False,False
5627,16,joda-time,PreciseDateTimeField,org.joda.time.field.testprecisedatetimefield.test_getname,False,False
5633,16,joda-time,PreciseDurationDateTimeField,org.joda.time.field.testprecisedurationdatetimefield.test_getasshorttext_int_locale,False,False
5646,16,joda-time,PreciseDurationField,org.joda.time.field.testprecisedurationfield.test_add_long_long,True,False
5675,16,joda-time,DateTimeFormat,org.joda.time.format.testdatetimeformat.testformatparse_textmonthjanlong_france,False,False
5702,16,joda-time,DateTimeFormatter,org.joda.time.format.testdatetimeformatter.testprint_chrono_and_zone,True,False
5711,16,joda-time,DateTimeFormatterBuilder,org.joda.time.format.testdatetimeformatterbuilder.test_appendtimezoneoffset_parse,False,False
5716,16,joda-time,DateTimeFormatterBuilder,org.joda.time.format.testdatetimeformatterbuilder.test_canbuildformatter,False,False
5717,16,joda-time,DateTimeFormatterBuilder,org.joda.time.format.testdatetimeformatterbuilder.test_localprintparseoffset,False,False
5723,16,joda-time,DateTimeFormatterBuilder,org.joda.time.format.testdatetimeformatterbuilder.test_printparseshortnamewithautolookup,False,False
5756,16,joda-time,PeriodFormat,org.joda.time.format.testperiodformat.test_wordbased_ja_formatsingular,False,False
5772,16,joda-time,PeriodFormatterBuilder,org.joda.time.format.testperiodformatterbuilder.testformatliteral,False,False
5785,16,joda-time,AbstractPartial,org.joda.time.testabstractpartial.testgetfield,True,False
5793,16,joda-time,DateTimeComparator,org.joda.time.testdatetimecomparator.testbasiccomps4,False,False
5798,16,joda-time,DateTimeComparator,org.joda.time.testdatetimecomparator.testmillis,False,False
5802,16,joda-time,DateTimeConstants,org.joda.time.testdatetimeconstants.testhalfdaysofday,False,False
5809,16,joda-time,DateTimeFieldType,org.joda.time.testdatetimefieldtype.test_weekyear,False,False
5816,16,joda-time,DateTimeUtils,org.joda.time.testdatetimeutils.testoffsetmillis,True,False
5853,16,joda-time,Months,org.joda.time.testmonths.testdividedby_int,False,False
5874,16,joda-time,Seconds,org.joda.time.testseconds.testminus_int,False,False
