1136,40,dropwizard,ResilentSocketOutputStream,ch.qos.logback.core.recovery.resilentsocketoutputstreamtest.testcreatescleanoutputstream,False,False
1137,40,dropwizard,ResilentSocketOutputStream,ch.qos.logback.core.recovery.resilentsocketoutputstreamtest.testthrowsexceptionifcantcreateoutputstream,False,False
1179,40,dropwizard,HttpClientConfiguration,io.dropwizard.client.proxy.httpclientconfigurationtest.testbadpassword,False,False
1199,40,dropwizard,AbstractDAO,io.dropwizard.hibernate.abstractdaotest.returnsuniqueresultsfromjpacriteriaqueries,False,False
1203,40,dropwizard,SessionFactoryManager,io.dropwizard.hibernate.sessionfactorymanagertest.closesthefactoryonstopping,False,False
1219,40,dropwizard,FuzzyEnumModule,io.dropwizard.jackson.fuzzyenummoduletest.mapsdottedenums,False,False
1228,40,dropwizard,LocalDateTimeMapper,io.dropwizard.jdbi.args.localdatetimemappertest.mapcolumnbyindex,False,False
1230,40,dropwizard,OffsetDateTimeMapper,io.dropwizard.jdbi.args.offsetdatetimemappertest.mapcolumnbyindex_timestampisnull,False,False
1251,40,dropwizard,JsonProcessingExceptionMapper,io.dropwizard.jersey.jackson.jsonprocessingexceptionmappertest.returnsa400forinvalidformatrequestentitieswrapped,False,False
1253,40,dropwizard,JsonProcessingExceptionMapper,io.dropwizard.jersey.jackson.jsonprocessingexceptionmappertest.returnsa500forabstractentities,False,False
1260,40,dropwizard,OptionalMessageBodyWriter,io.dropwizard.jersey.optional.optionalmessagebodywritertest.presentoptionalsreturntheirvaluewithresponse,False,False
1276,40,dropwizard,HttpConnectorFactory,io.dropwizard.jetty.httpconnectorfactorytest.isdiscoverable,False,False
1277,40,dropwizard,HttpsConnectorFactory,io.dropwizard.jetty.httpsconnectorfactorytest.testbuild,True,True
1281,40,dropwizard,NonblockingServletHolder,io.dropwizard.jetty.nonblockingservletholdertest.temporarilydisablesasyncrequestsifdisabled,False,False
1288,40,dropwizard,FileAppenderFactory,io.dropwizard.logging.fileappenderfactorytest.hasarchivedlogfilenamepattern,True,True
1294,40,dropwizard,FileAppenderFactory,io.dropwizard.logging.fileappenderfactorytest.testcurrentlogfilenameisemptyandappenderusesarchivednameinstead,True,True
1299,40,dropwizard,EventJsonLayout,io.dropwizard.logging.json.layout.eventjsonlayouttest.testproducesdefaultmap,False,False
1307,40,dropwizard,MapBuilder,io.dropwizard.logging.json.layout.mapbuildertest.testaddsuppliernotinvoked,False,False
1315,40,dropwizard,PrefixedRootCauseFirstThrowableProxyConverter,io.dropwizard.logging.prefixedrootcausefirstthrowableproxyconvertertest.prefixesexceptionswithexclamationmarks,False,False
1319,40,dropwizard,ThrottlingAppenderWrapper,io.dropwizard.logging.throttlingappenderwrappertest.overthrottlinglimit,False,False
1324,40,dropwizard,DbFastForwardCommand,io.dropwizard.migrations.dbfastforwardcommandtest.testprinthelp,True,False
1330,40,dropwizard,ExternalRequestLogFactory,io.dropwizard.request.logging.externalrequestlogfactorytest.isdiscoverable,False,False
1334,40,dropwizard,DropwizardSlf4jRequestLog,io.dropwizard.request.logging.old.dropwizardslf4jrequestlogtest.logsrequeststotheappenders,False,False
1337,40,dropwizard,DefaultServerFactory,io.dropwizard.server.defaultserverfactorytest.hasaminimumnumberofthreads,False,False
1346,40,dropwizard,AssetServlet,io.dropwizard.servlets.assets.assetservlettest.supportsbyterangeformedia,False,False
1358,40,dropwizard,TaskServlet,io.dropwizard.servlets.tasks.taskservlettest.passespostbodyalongtopostbodytasks,False,False
1365,40,dropwizard,DropwizardClientRule,io.dropwizard.testing.junit.dropwizardclientruletest.shouldgetdefaultstringbodyfromdropwizard,False,False
1372,40,dropwizard,Duration,io.dropwizard.util.durationtest.convertsdays,False,False
1375,40,dropwizard,Duration,io.dropwizard.util.durationtest.convertsseconds,False,False
1380,40,dropwizard,Optionals,io.dropwizard.util.optionalstest.testfromguavaoptional,False,False
1384,40,dropwizard,Size,io.dropwizard.util.sizetest.hasaquantity,False,False
1393,40,dropwizard,PortRangeValidator,io.dropwizard.validation.portrangevalidatortest.rejectsnegativeports,False,False
1399,40,dropwizard,MustacheViewRenderer,io.dropwizard.views.mustache.mustacheviewrenderertest.rendersviewswithrelativetemplatepaths,False,False
1140,40,dropwizard,PersonDAO,com.example.helloworld.db.persondaotest.handlesnullfullname,False,False
1152,40,dropwizard,CachingAuthorizer,io.dropwizard.auth.cachingauthorizertest.invalidatessetsofprincipals,False,False
1163,40,dropwizard,DropwizardApacheConnector,io.dropwizard.client.dropwizardapacheconnectortest.multiple_headers_with_the_same_name_are_processed_successfully,True,True
1165,40,dropwizard,HttpClientBuilder,io.dropwizard.client.httpclientbuildertest.canuseacustomdnsresolver,True,True
1181,40,dropwizard,NonProxyListProxyRoutePlanner,io.dropwizard.client.proxy.nonproxylistproxyrouteplannertest.testhostnotinblacklist,True,True
1182,40,dropwizard,DropwizardSSLConnectionSocketFactory,io.dropwizard.client.ssl.dropwizardsslconnectionsocketfactorytest.shoulderrorifhostnameverificationonandserverhostnamematchesandfailverifierspecified,False,False
1190,40,dropwizard,Configuration,io.dropwizard.configurationtest.hasaloggingconfiguration,False,False
1192,40,dropwizard,DataSourceFactory,io.dropwizard.db.datasourcefactorytest.metricsrecorded,True,True
1210,40,dropwizard,UnitOfWorkApplicationListener,io.dropwizard.hibernate.unitofworkapplicationlistenertest.rollsbackthetransactiononexception,False,False
1267,40,dropwizard,UUIDParam,io.dropwizard.jersey.params.uuidparamtest.anonuuidthrowsanexception,False,False
1304,40,dropwizard,JsonFormatter,io.dropwizard.logging.json.layout.jsonformattertest.testprettyprintwithlineseparator,False,False
1310,40,dropwizard,MapBuilder,io.dropwizard.logging.json.layout.mapbuildertest.testincludemapvalue,False,False
1323,40,dropwizard,DbDumpCommand,io.dropwizard.migrations.dbdumpcommandtest.testhelppage,True,False
1336,40,dropwizard,DefaultServerFactory,io.dropwizard.server.defaultserverfactorytest.doesnotdefaultexceptionmappers,False,False
1338,40,dropwizard,DefaultServerFactory,io.dropwizard.server.defaultserverfactorytest.testconfiguredenvironment,True,True
1344,40,dropwizard,AssetServlet,io.dropwizard.servlets.assets.assetservlettest.servescharset,False,False
1353,40,dropwizard,ResourceURL,io.dropwizard.servlets.assets.resourceurltest.isdirectoryreturnstrueforplaindirectories,True,True
1354,40,dropwizard,ResourceURL,io.dropwizard.servlets.assets.resourceurltest.isdirectorythrowsresourcenotfoundexceptionformissingdirectories,False,False
1367,40,dropwizard,PersonResource,io.dropwizard.testing.junit5.personresourcetest.testcustomclientconfiguration,False,False
1370,40,dropwizard,PersonResource,io.dropwizard.testing.junit5.personresourcetest.testgetimmutablelistofpersons,False,False
1378,40,dropwizard,Duration,io.dropwizard.util.durationtest.parsesnanoseconds,False,False
1382,40,dropwizard,Size,io.dropwizard.util.sizetest.convertstokilobytes,False,False
1391,40,dropwizard,OneOfValidator,io.dropwizard.validation.oneofvalidatortest.doesnotallowotherelements,False,False
1150,40,dropwizard,CachingAuthorizer,io.dropwizard.auth.cachingauthorizertest.cachesthefirstreturnedprincipal,False,False
1172,40,dropwizard,HttpClientBuilder,io.dropwizard.client.httpclientbuildertest.usesproxywithntlmauth,True,True
1184,40,dropwizard,DropwizardSSLConnectionSocketFactory,io.dropwizard.client.ssl.dropwizardsslconnectionsocketfactorytest.shouldrejectnonsupportedprotocols,False,False
1198,40,dropwizard,AbstractDAO,io.dropwizard.hibernate.abstractdaotest.returnsuniquelistsfromqueries,False,False
1209,40,dropwizard,UnitOfWorkApplicationListener,io.dropwizard.hibernate.unitofworkapplicationlistenertest.doesnotrollbackanulltransaction,False,False
1215,40,dropwizard,Http2ConnectorFactory,io.dropwizard.http2.http2connectorfactorytest.testsetdefaulthttp2cipher,False,False
1217,40,dropwizard,CaffeineModule,io.dropwizard.jackson.caffeinemoduletest.canserializecachebuilderspecs,False,False
1220,40,dropwizard,FuzzyEnumModule,io.dropwizard.jackson.fuzzyenummoduletest.mapsuppercaseenums,False,False
1221,40,dropwizard,FuzzyEnumModule,io.dropwizard.jackson.fuzzyenummoduletest.readsenumsusingtostringwithdeserializationfeatureoff,False,False
1222,40,dropwizard,GuavaExtrasModule,io.dropwizard.jackson.guavaextrasmoduletest.canserializecachebuilderspecs,False,False
1231,40,dropwizard,DBIFactory,io.dropwizard.jdbi.dbifactorytest.testdefaultconfiguration,False,False
1242,40,dropwizard,CharsetUtf8Filter,io.dropwizard.jersey.filter.charsetutf8filtertest.testsetscharsetencoding,False,False
1248,40,dropwizard,JacksonMessageBodyProvider,io.dropwizard.jersey.jackson.jacksonmessagebodyprovidertest.returnsvalidatedcollectionrequestentities,False,False
1249,40,dropwizard,JacksonMessageBodyProvider,io.dropwizard.jersey.jackson.jacksonmessagebodyprovidertest.returnsvalidatedlistrequestentities,False,False
1266,40,dropwizard,SizeParam,io.dropwizard.jersey.params.sizeparamtest.parsesizekilobytes,False,False
1270,40,dropwizard,BiDiGzipHandler,io.dropwizard.jetty.bidigziphandlertest.testdecompressrequest,False,False
1273,40,dropwizard,GzipHandlerFactory,io.dropwizard.jetty.gziphandlerfactorytest.canbeenabled,False,False
1283,40,dropwizard,ServerPushFilterFactory,io.dropwizard.jetty.serverpushfilterfactorytest.testdefaultconfiguration,False,False
1298,40,dropwizard,EventJsonLayout,io.dropwizard.logging.json.layout.eventjsonlayouttest.testlogsanexception,False,False
1300,40,dropwizard,EventJsonLayout,io.dropwizard.logging.json.layout.eventjsonlayouttest.testreplacefieldname,False,False
1316,40,dropwizard,SyslogAppenderFactory,io.dropwizard.logging.syslogappenderfactorytest.patternincludesappnameandpid,True,True
1331,40,dropwizard,LogbackAccessRequestLayout,io.dropwizard.request.logging.layout.logbackaccessrequestlayouttest.hasacontext,True,True
1333,40,dropwizard,LogbackAccessRequestLog,io.dropwizard.request.logging.logbackaccessrequestlogtest.logsrequeststotheappender,False,False
1352,40,dropwizard,ResourceURL,io.dropwizard.servlets.assets.resourceurltest.isdirectoryreturnstruefordirectoriesinjarswithouttrailingslashes,False,False
1360,40,dropwizard,TaskServlet,io.dropwizard.servlets.tasks.taskservlettest.returnsa404whennotfound,False,False
1373,40,dropwizard,Duration,io.dropwizard.util.durationtest.convertsmilliseconds,False,False
1386,40,dropwizard,Size,io.dropwizard.util.sizetest.parsesgigabytes,False,False
1396,40,dropwizard,OptionalIntValidatedValueUnwrapper,io.dropwizard.validation.valuehandling.optionalintvalidatedvalueunwrappertest.notnullfailswhenabsent,False,False
1400,40,dropwizard,MustacheViewRenderer,io.dropwizard.views.mustache.mustacheviewrenderertest.returnsa500forviewsthatcantcompile,False,False
1405,40,dropwizard,ViewMessageBodyWriter,io.dropwizard.views.viewmessagebodywritertest.writetoshouldusevalidrenderer,True,True
1155,40,dropwizard,Bundle,io.dropwizard.bundletest.deprecatedbundlewillbeinitializedandrun,True,True
1158,40,dropwizard,ConfiguredCommand,io.dropwizard.cli.configuredcommandtest.canusecustomconfigurationfactory,False,False
1167,40,dropwizard,HttpClientBuilder,io.dropwizard.client.httpclientbuildertest.configurecredentialreturnsntcredentialsforbasicconfig,False,False
1169,40,dropwizard,HttpClientBuilder,io.dropwizard.client.httpclientbuildertest.setsthesockettimeout,True,True
1175,40,dropwizard,JerseyClientBuilder,io.dropwizard.client.jerseyclientbuildertest.disablesgzipsupportifdisabled,False,False
1177,40,dropwizard,JerseyClientBuilder,io.dropwizard.client.jerseyclientbuildertest.usesacustomconnectionfactoryregistry,True,True
1183,40,dropwizard,DropwizardSSLConnectionSocketFactory,io.dropwizard.client.ssl.dropwizardsslconnectionsocketfactorytest.shoulderroriftrytoclientauthspecifyingunknowncertalias,False,False
1187,40,dropwizard,BaseConfigurationFactory,io.dropwizard.configuration.baseconfigurationfactorytest.throwsanexceptiononmalformedfiles,True,True
1188,40,dropwizard,EnvironmentVariableLookup,io.dropwizard.configuration.environmentvariablelookuptest.defaultconstructorenablesstrict,False,False
1195,40,dropwizard,MultiPartBundle,io.dropwizard.forms.multipartbundletest.testrun,False,False
1196,40,dropwizard,AbstractDAO,io.dropwizard.hibernate.abstractdaotest.getsnamedqueries,False,False
1207,40,dropwizard,UnitOfWorkApplicationListener,io.dropwizard.hibernate.unitofworkapplicationlistenertest.configuresthesessionscachemode,False,False
1232,40,dropwizard,DBIHealthCheck,io.dropwizard.jdbi.dbihealthchecktest.testittimesoutproperly,False,False
1235,40,dropwizard,CacheControlledResponseFeature,io.dropwizard.jersey.caching.cachecontrolledresponsefeaturetest.maxageresponseshavecachecontrolheaders,False,False
1238,40,dropwizard,IllegalStateExceptionMapper,io.dropwizard.jersey.errors.illegalstateexceptionmappertest.handlesformparamcontenttypeerror,False,False
1250,40,dropwizard,JacksonMessageBodyProvider,io.dropwizard.jersey.jackson.jacksonmessagebodyprovidertest.throwsajsonprocessingexceptionformalformedrequestentities,False,False
1256,40,dropwizard,OptionalDoubleMessageBodyWriter,io.dropwizard.jersey.optional.optionaldoublemessagebodywritertest.presentoptionalsreturntheirvalue,False,False
1263,40,dropwizard,BooleanParam,io.dropwizard.jersey.params.booleanparamtest.uppercasetruereturnstrue,False,False
1274,40,dropwizard,GzipHandlerFactory,io.dropwizard.jetty.gziphandlerfactorytest.hasabuffersize,False,False
1279,40,dropwizard,MutableServletContextHandler,io.dropwizard.jetty.mutableservletcontexthandlertest.candisablesessionmanagement,False,False
1296,40,dropwizard,AccessJsonLayout,io.dropwizard.logging.json.layout.accessjsonlayouttest.testaddadditionalfields,False,False
1297,40,dropwizard,AccessJsonLayout,io.dropwizard.logging.json.layout.accessjsonlayouttest.testdisabletimestamp,False,False
1302,40,dropwizard,ExceptionFormat,io.dropwizard.logging.json.layout.exceptionformattest.testsetdepth,False,False
1303,40,dropwizard,JsonFormatter,io.dropwizard.logging.json.layout.jsonformattertest.testprettyprintnolineseparator,False,False
1311,40,dropwizard,MapBuilder,io.dropwizard.logging.json.layout.mapbuildertest.testincludenotformattedtimestamp,False,False
1312,40,dropwizard,MapBuilder,io.dropwizard.logging.json.layout.mapbuildertest.testreplacenumberfieldname,False,False
1313,40,dropwizard,MapBuilder,io.dropwizard.logging.json.layout.mapbuildertest.testreplacestringfieldname,False,False
1320,40,dropwizard,TlsSocketAppenderFactory,io.dropwizard.logging.tlssocketappenderfactorytest.testparsecustomconfiguration,False,False
1335,40,dropwizard,LogbackClassicRequestLogFactory,io.dropwizard.request.logging.old.logbackclassicrequestlogfactorytest.testbuild,False,False
1368,40,dropwizard,PersonResource,io.dropwizard.testing.junit5.personresourcetest.testdefaultconstraintviolation,False,False
1369,40,dropwizard,PersonResource,io.dropwizard.testing.junit5.personresourcetest.testdefaultjsonprocessingmapper,False,False
1381,40,dropwizard,Size,io.dropwizard.util.sizetest.convertstobytes,False,False
1383,40,dropwizard,Size,io.dropwizard.util.sizetest.convertstoterabytes,False,False
1148,40,dropwizard,CachingAuthenticator,io.dropwizard.auth.cachingauthenticatortest.invalidatesallcredentials,False,False
1154,40,dropwizard,CachingAuthorizer,io.dropwizard.auth.cachingauthorizertest.respectsthecacheconfiguration,False,False
1156,40,dropwizard,Cli,io.dropwizard.cli.clitest.rejectsbadcommandflags,False,False
1159,40,dropwizard,ServerCommand,io.dropwizard.cli.servercommandtest.buildsandrunsaconfiguredserver,False,False
1214,40,dropwizard,UnitOfWorkAwareProxyFactory,io.dropwizard.hibernate.unitofworkawareproxyfactorytest.testproxyworks,False,False
1218,40,dropwizard,DiscoverableSubtypeResolver,io.dropwizard.jackson.discoverablesubtyperesolvertest.discoverssubtypes,False,False
1224,40,dropwizard,JodaDateTimeArgument,io.dropwizard.jdbi.args.jodadatetimeargumenttest.apply,False,False
1239,40,dropwizard,LoggingExceptionMapper,io.dropwizard.jersey.errors.loggingexceptionmappertest.handlesjsonmappingexception,False,False
1262,40,dropwizard,BooleanParam,io.dropwizard.jersey.params.booleanparamtest.uppercasefalsereturnsfalse,False,False
1301,40,dropwizard,EventJsonLayout,io.dropwizard.logging.json.layout.eventjsonlayouttest.teststartthrowableconverter,False,False
1305,40,dropwizard,MapBuilder,io.dropwizard.logging.json.layout.mapbuildertest.testaddmapsupplier,False,False
1306,40,dropwizard,MapBuilder,io.dropwizard.logging.json.layout.mapbuildertest.testaddnumbersupplier,False,False
1309,40,dropwizard,MapBuilder,io.dropwizard.logging.json.layout.mapbuildertest.testincludeformattedtimestamp,False,False
1345,40,dropwizard,AssetServlet,io.dropwizard.servlets.assets.assetservlettest.servesfilesmappedtoroot,True,True
1348,40,dropwizard,AssetServlet,io.dropwizard.servlets.assets.assetservlettest.supportsfinalbyterange,False,False
1364,40,dropwizard,DropwizardAppRule,io.dropwizard.testing.junit.dropwizardappruletest.clientusesjacksonmapperfromenvironment,False,False
1371,40,dropwizard,CharStreams,io.dropwizard.util.charstreamstest.testtostring,False,False
1374,40,dropwizard,Duration,io.dropwizard.util.durationtest.convertsminutes,False,False
1385,40,dropwizard,Size,io.dropwizard.util.sizetest.iscomparable,False,False
1389,40,dropwizard,Size,io.dropwizard.util.sizetest.parsesterabytes,False,False
1395,40,dropwizard,OptionalDoubleValidatedValueUnwrapper,io.dropwizard.validation.valuehandling.optionaldoublevalidatedvalueunwrappertest.failswhenfailingconstraint,False,False
1397,40,dropwizard,OptionalLongValidatedValueUnwrapper,io.dropwizard.validation.valuehandling.optionallongvalidatedvalueunwrappertest.notnullfailswhenabsent,False,False
1398,40,dropwizard,MustacheViewRenderer,io.dropwizard.views.mustache.mustacheviewrenderertest.candisablecache,False,False
1402,40,dropwizard,ViewMessageBodyWriter,io.dropwizard.views.viewmessagebodywritertest.detectlocaleshouldhandlebadlyformedheader,False,False
1403,40,dropwizard,ViewMessageBodyWriter,io.dropwizard.views.viewmessagebodywritertest.detectlocaleshouldreturncorrectlocale,False,False
1153,40,dropwizard,CachingAuthorizer,io.dropwizard.auth.cachingauthorizertest.invalidatessingleprincipal,False,False
1180,40,dropwizard,HttpClientConfiguration,io.dropwizard.client.proxy.httpclientconfigurationtest.testfullconfigntlmproxy,False,False
1191,40,dropwizard,DataSourceFactory,io.dropwizard.db.datasourcefactorytest.invalidjdbcdriverclassthrowssqlexception,False,False
1206,40,dropwizard,UnitOfWorkApplicationListener,io.dropwizard.hibernate.unitofworkapplicationlistenertest.beginsandcommitsatransactioniftransactional,False,False
1208,40,dropwizard,UnitOfWorkApplicationListener,io.dropwizard.hibernate.unitofworkapplicationlistenertest.doesnotrollbackaninactivetransaction,False,False
1213,40,dropwizard,UnitOfWorkAwareProxyFactory,io.dropwizard.hibernate.unitofworkawareproxyfactorytest.testproxyhandleserrors,False,False
1234,40,dropwizard,CacheControlledResponseFeature,io.dropwizard.jersey.caching.cachecontrolledresponsefeaturetest.immutableresponseshavecachecontrolheaders,False,False
1241,40,dropwizard,LoggingExceptionMapper,io.dropwizard.jersey.errors.loggingexceptionmappertest.handlesredirectinwebapplicationexception,False,False
1245,40,dropwizard,OptionalMessageBodyWriter,io.dropwizard.jersey.guava.optionalmessagebodywritertest.absentoptionalsthrowanotfound,False,False
1246,40,dropwizard,ConfiguredGZipEncoder,io.dropwizard.jersey.gzip.configuredgzipencodertest.noencodingwillnotaroundwrite,True,True
1252,40,dropwizard,JsonProcessingExceptionMapper,io.dropwizard.jersey.jackson.jsonprocessingexceptionmappertest.returnsa400forsemanticinvaliddate,False,False
1255,40,dropwizard,ZonedDateTimeParam,io.dropwizard.jersey.jsr310.zoneddatetimeparamtest.parsesdatetimes,False,False
1268,40,dropwizard,JerseyViolationException,io.dropwizard.jersey.validation.jerseyviolationexceptiontest.testaccessors,False,False
1272,40,dropwizard,ContextRoutingHandler,io.dropwizard.jetty.contextroutinghandlertest.startsandstopsallhandlers,False,False
1285,40,dropwizard,ConsoleAppenderFactory,io.dropwizard.logging.consoleappenderfactorytest.appendernameisset,True,True
1286,40,dropwizard,DefaultLoggingFactory,io.dropwizard.logging.defaultloggingfactorytest.testresetappenders,False,False
1314,40,dropwizard,PrefixedExtendedThrowableProxyConverter,io.dropwizard.logging.prefixedextendedthrowableproxyconvertertest.prefixesexceptionswithexclamationmarks,False,False
1362,40,dropwizard,Task,io.dropwizard.servlets.tasks.tasktest.hasaname,False,False
1379,40,dropwizard,Generics,io.dropwizard.util.genericstest.testboundtypeparameter,False,False
1388,40,dropwizard,Size,io.dropwizard.util.sizetest.parsesmegabytes,False,False
1138,40,dropwizard,App1,com.example.app1.app1test.custom204onemptyoptional,False,False
1141,40,dropwizard,PeopleResource,com.example.helloworld.resources.peopleresourcetest.createperson,False,False
1147,40,dropwizard,BasicCredentials,io.dropwizard.auth.basic.basiccredentialstest.hasausername,False,False
1149,40,dropwizard,CachingAuthenticator,io.dropwizard.auth.cachingauthenticatortest.shouldnotcacheabsentprincipals,False,False
1160,40,dropwizard,ServerCommand,io.dropwizard.cli.servercommandtest.hasadescription,False,False
1164,40,dropwizard,DropwizardApacheConnector,io.dropwizard.client.dropwizardapacheconnectortest.when_read_timeout_override_created_then_client_requests_completes_successfully,False,False
1170,40,dropwizard,HttpClientBuilder,io.dropwizard.client.httpclientbuildertest.useskeepaliveforpersistentconnections,True,True
1193,40,dropwizard,DataSourceFactory,io.dropwizard.db.datasourcefactorytest.testinitialsizeiszero,False,False
1200,40,dropwizard,AbstractDAO,io.dropwizard.hibernate.abstractdaotest.returnsuniqueresultsfromqueries,False,False
1201,40,dropwizard,HibernateBundle,io.dropwizard.hibernate.hibernatebundletest.addshibernatesupporttojackson,False,False
1233,40,dropwizard,LoggingDBIExceptionMapper,io.dropwizard.jdbi.jersey.loggingdbiexceptionmappertest.testplaindbiexception,True,False
1244,40,dropwizard,RuntimeFilter,io.dropwizard.jersey.filter.runtimefiltertest.testaddsxruntimeheader,False,False
1265,40,dropwizard,LongParam,io.dropwizard.jersey.params.longparamtest.alongreturnsalong,False,False
1269,40,dropwizard,ParamValidatorUnwrapper,io.dropwizard.jersey.validation.paramvalidatorunwrappertest.failswithinvalidintparam,False,False
1271,40,dropwizard,ContextRoutingHandler,io.dropwizard.jetty.contextroutinghandlertest.routestothebestprefixmatch,False,False
1275,40,dropwizard,GzipHandlerFactory,io.dropwizard.jetty.gziphandlerfactorytest.hascompressedmimetypes,False,False
1280,40,dropwizard,NetUtil,io.dropwizard.jetty.netutiltest.testossetting,False,False
1287,40,dropwizard,FileAppenderFactory,io.dropwizard.logging.fileappenderfactorytest.appendernameisset,True,True
1291,40,dropwizard,FileAppenderFactory,io.dropwizard.logging.fileappenderfactorytest.invaliduseoftotalsizecap,False,False
1308,40,dropwizard,MapBuilder,io.dropwizard.logging.json.layout.mapbuildertest.testdonotincludenullnumbervalue,False,False
1317,40,dropwizard,SyslogAppenderFactory,io.dropwizard.logging.syslogappenderfactorytest.stacktracepatterncanbeset,True,True
1328,40,dropwizard,DbRollbackCommand,io.dropwizard.migrations.dbrollbackcommandtest.testrollbacktodate,False,False
1329,40,dropwizard,DbStatusCommand,io.dropwizard.migrations.dbstatuscommandtest.testrun,False,False
1332,40,dropwizard,LogbackAccessRequestLayout,io.dropwizard.request.logging.layout.logbackaccessrequestlayouttest.outputpatternasheaderisfalse,False,False
1343,40,dropwizard,AssetServlet,io.dropwizard.servlets.assets.assetservlettest.defaultstohtml,False,False
1351,40,dropwizard,ResourceURL,io.dropwizard.servlets.assets.resourceurltest.getlastmodifiedreturnsthelastmodifiedtimeofajarentry,False,False
1355,40,dropwizard,CacheBustingFilter,io.dropwizard.servlets.cachebustingfiltertest.passesthroughnonhttprequests,False,False
1356,40,dropwizard,SlowRequestFilter,io.dropwizard.servlets.slowrequestfiltertest.logsslowrequests,False,False
1363,40,dropwizard,FixtureHelpers,io.dropwizard.testing.fixturehelperstest.readsthefileasastring,True,True
1376,40,dropwizard,Duration,io.dropwizard.util.durationtest.parsesmicroseconds,False,False
1390,40,dropwizard,Size,io.dropwizard.util.sizetest.unableparsewrongsizeformat,False,False
1392,40,dropwizard,PortRangeValidator,io.dropwizard.validation.portrangevalidatortest.allowsforcustomminimumports,False,False
1394,40,dropwizard,SelfValidatingValidator,io.dropwizard.validation.selfvalidating.selfvalidatingvalidatortest.additionalparametersarenotaccepted,False,False
1142,40,dropwizard,PersonResource,com.example.helloworld.resources.personresourcetest.getpersonnotfound,False,False
1143,40,dropwizard,ProtectedClassResource,com.example.helloworld.resources.protectedclassresourcetest.testprotectedguestendpoint,False,False
1144,40,dropwizard,SslReloadApp,com.example.sslreload.sslreloadapptest.badreloaddoesnotchangetheservercertificate,True,True
1162,40,dropwizard,ConfiguredCloseableHttpClient,io.dropwizard.client.configuredcloseablehttpclienttest.getclient_returns_config_provided_at_construction,True,True
1166,40,dropwizard,HttpClientBuilder,io.dropwizard.client.httpclientbuildertest.canuseacustomhostnameverifierwhentlsconfigurationspecified,False,False
1174,40,dropwizard,HttpClientBuilder,io.dropwizard.client.httpclientbuildertest.usesthedefaultrouteplanner,True,True
1176,40,dropwizard,JerseyClientBuilder,io.dropwizard.client.jerseyclientbuildertest.includesjerseyproviderclasses,False,False
1186,40,dropwizard,BaseConfigurationFactory,io.dropwizard.configuration.baseconfigurationfactorytest.printsdidyoumeanonunrecognizedfield,False,False
1194,40,dropwizard,DataSourceFactory,io.dropwizard.db.datasourcefactorytest.testnovalidationquerytimeout,False,False
1211,40,dropwizard,UnitOfWorkApplicationListener,io.dropwizard.hibernate.unitofworkapplicationlistenertest.throwsexceptiononnotregistereddatabase,False,False
1212,40,dropwizard,UnitOfWorkAwareProxyFactory,io.dropwizard.hibernate.unitofworkawareproxyfactorytest.testnewaspect,False,False
1229,40,dropwizard,OffsetDateTimeMapper,io.dropwizard.jdbi.args.offsetdatetimemappertest.mapcolumnbyindex,False,False
1240,40,dropwizard,LoggingExceptionMapper,io.dropwizard.jersey.errors.loggingexceptionmappertest.handlesmethodnotallowedwithheaders,False,False
1243,40,dropwizard,RequestIdFilter,io.dropwizard.jersey.filter.requestidfiltertest.addsrandomrequestidheader,False,False
1278,40,dropwizard,HttpsConnectorFactory,io.dropwizard.jetty.httpsconnectorfactorytest.testparsingconfiguration,True,True
1284,40,dropwizard,AppenderFactoryCustomTimeZone,io.dropwizard.logging.appenderfactorycustomtimezone.testloadappenderwithnotimezone,False,False
1289,40,dropwizard,FileAppenderFactory,io.dropwizard.logging.fileappenderfactorytest.hasmaxfilesizefixedwindow,True,True
1290,40,dropwizard,FileAppenderFactory,io.dropwizard.logging.fileappenderfactorytest.includescallerdata,True,True
1292,40,dropwizard,FileAppenderFactory,io.dropwizard.logging.fileappenderfactorytest.isdiscoverable,True,True
1318,40,dropwizard,TcpSocketAppenderFactory,io.dropwizard.logging.tcpsocketappenderfactorytest.testbufferingtcplogging,False,False
1321,40,dropwizard,GraphiteReporterFactory,io.dropwizard.metrics.graphite.graphitereporterfactorytest.isdiscoverable,False,False
1327,40,dropwizard,DbPrepareRollbackCommand,io.dropwizard.migrations.dbpreparerollbackcommandtest.testprepareonlychange,False,False
1342,40,dropwizard,AssetServlet,io.dropwizard.servlets.assets.assetservlettest.consistentlyassignsetags,False,False
1347,40,dropwizard,AssetServlet,io.dropwizard.servlets.assets.assetservlettest.supportscentralbyterange,False,False
1349,40,dropwizard,ByteRange,io.dropwizard.servlets.assets.byterangetest.startbytes,False,False
1350,40,dropwizard,ByteRange,io.dropwizard.servlets.assets.byterangetest.toomanybytes,False,False
1366,40,dropwizard,DropwizardClientExtension,io.dropwizard.testing.junit5.dropwizardclientextensiontest.shouldgetstringbodyfromdropwizard,False,False
1377,40,dropwizard,Duration,io.dropwizard.util.durationtest.parsesmilliseconds,False,False
1404,40,dropwizard,ViewMessageBodyWriter,io.dropwizard.views.viewmessagebodywritertest.writetoshouldthrowwhennovalidrendererfound,False,False
1139,40,dropwizard,App1,com.example.app1.app1test.customjsonprovidermissingheader,False,False
1146,40,dropwizard,BasicCredentials,io.dropwizard.auth.basic.basiccredentialstest.hasapassword,False,False
1157,40,dropwizard,Cli,io.dropwizard.cli.clitest.unhandledexceptionscustomcommanddebug,False,False
1161,40,dropwizard,ServerCommand,io.dropwizard.cli.servercommandtest.stopsaserverifthereisanerrorstartingit,False,False
1171,40,dropwizard,HttpClientBuilder,io.dropwizard.client.httpclientbuildertest.usesproxy,True,True
1173,40,dropwizard,HttpClientBuilder,io.dropwizard.client.httpclientbuildertest.usesproxywithoutport,True,True
1178,40,dropwizard,JerseyClientBuilder,io.dropwizard.client.jerseyclientbuildertest.usesacustomhttprouteplanner,True,True
1205,40,dropwizard,SessionFactoryManager,io.dropwizard.hibernate.sessionfactorymanagertest.stopsthedatasourceonstopping,False,False
1227,40,dropwizard,LocalDateMapper,io.dropwizard.jdbi.args.localdatemappertest.mapcolumnbyname,False,False
1254,40,dropwizard,JsonProcessingExceptionMapper,io.dropwizard.jersey.jackson.jsonprocessingexceptionmappertest.returnsa500fornondeserializablerepresentationclasses,False,False
1257,40,dropwizard,OptionalIntMessageBodyWriter,io.dropwizard.jersey.optional.optionalintmessagebodywritertest.absentoptionalsthrowanotfound,False,False
1258,40,dropwizard,OptionalIntMessageBodyWriter,io.dropwizard.jersey.optional.optionalintmessagebodywritertest.presentoptionalsreturntheirvaluewithresponse,False,False
1259,40,dropwizard,OptionalMessageBodyWriter,io.dropwizard.jersey.optional.optionalmessagebodywritertest.absentoptionalsthrowanotfound,False,False
1261,40,dropwizard,BooleanParam,io.dropwizard.jersey.params.booleanparamtest.nullthrowsanexception,False,False
1264,40,dropwizard,DurationParam,io.dropwizard.jersey.params.durationparamtest.parsedurationseconds,False,False
1293,40,dropwizard,FileAppenderFactory,io.dropwizard.logging.fileappenderfactorytest.isimmediateflushed,True,True
1295,40,dropwizard,EventJsonLayoutBaseFactory,io.dropwizard.logging.json.eventjsonlayoutbasefactorytest.testcreatethrowableproxyconverter_configured,True,True
1322,40,dropwizard,DbCommand,io.dropwizard.migrations.dbcommandtest.testrunsubcommand,True,False
1339,40,dropwizard,SimpleServerFactory,io.dropwizard.server.simpleserverfactorytest.testgetadmincontext,True,True
1357,40,dropwizard,LogConfigurationTask,io.dropwizard.servlets.tasks.logconfigurationtasktest.configuresspecificlevelforaloggerforaduration,False,False
1387,40,dropwizard,Size,io.dropwizard.util.sizetest.parsesinglelettersuffix,False,False
1401,40,dropwizard,ViewBundle,io.dropwizard.views.viewbundletest.addstheviewmessagebodywritertotheenvironment,False,False
1145,40,dropwizard,AssetsBundle,io.dropwizard.assets.assetsbundletest.canhavedifferenturiandresourcepaths,True,True
1151,40,dropwizard,CachingAuthorizer,io.dropwizard.auth.cachingauthorizertest.invalidatesallprincipals,False,False
1168,40,dropwizard,HttpClientBuilder,io.dropwizard.client.httpclientbuildertest.ignorescookiesbydefault,True,True
1185,40,dropwizard,DropwizardSSLConnectionSocketFactory,io.dropwizard.client.ssl.dropwizardsslconnectionsocketfactorytest.shouldreturn200ifabletoclientauth,True,True
1189,40,dropwizard,JsonConfigurationFactory,io.dropwizard.configuration.jsonconfigurationfactorytest.configuredmapperallowscomment,True,True
1197,40,dropwizard,AbstractDAO,io.dropwizard.hibernate.abstractdaotest.returnsuniquelistsfromcriteriaqueries,False,False
1202,40,dropwizard,SessionFactoryFactory,io.dropwizard.hibernate.sessionfactoryfactorytest.callsbundletoconfigure,False,False
1204,40,dropwizard,SessionFactoryManager,io.dropwizard.hibernate.sessionfactorymanagertest.startsthedatasourceonstarting,False,False
1216,40,dropwizard,AnnotationSensitivePropertyNamingStrategy,io.dropwizard.jackson.annotationsensitivepropertynamingstrategytest.serializessnakecaseproperties,False,False
1223,40,dropwizard,InstantMapper,io.dropwizard.jdbi.args.instantmappertest.mapcolumnbyname,False,False
1225,40,dropwizard,LocalDateArgument,io.dropwizard.jdbi.args.localdateargumenttest.apply,False,False
1226,40,dropwizard,LocalDateArgument,io.dropwizard.jdbi.args.localdateargumenttest.apply_valueisnull,False,False
1236,40,dropwizard,CacheControlledResponseFeature,io.dropwizard.jersey.caching.cachecontrolledresponsefeaturetest.sharedmaxageresponseshavecachecontrolheaders,False,False
1237,40,dropwizard,DropwizardResourceConfig,io.dropwizard.jersey.dropwizardresourceconfigtest.findsresourceclassesinpackageandsubpackage,False,False
1247,40,dropwizard,JacksonMessageBodyProvider,io.dropwizard.jersey.jackson.jacksonmessagebodyprovidertest.returnspartialvalidatedrequestentities,False,False
1282,40,dropwizard,RoutingHandler,io.dropwizard.jetty.routinghandlertest.withoutsessionhandler,False,False
1325,40,dropwizard,DbGenerateDocsCommand,io.dropwizard.migrations.dbgeneratedocscommandtest.testrun,False,False
1326,40,dropwizard,DbLocksCommand,io.dropwizard.migrations.dblockscommandtest.testfailswhennolistorrelease,False,False
1340,40,dropwizard,SimpleServerFactory,io.dropwizard.server.simpleserverfactorytest.testgetport,False,False
1341,40,dropwizard,AssetServlet,io.dropwizard.servlets.assets.assetservlettest.assignsdifferentetagsfordifferentfiles,True,True
1359,40,dropwizard,TaskServlet,io.dropwizard.servlets.tasks.taskservlettest.returnalltasknameslexicallyonget,False,False
1361,40,dropwizard,TaskServlet,io.dropwizard.servlets.tasks.taskservlettest.testrunsexceptionmeteredtask,False,False
